BF                  1.11	1.10	1.13	1.14	1.11	1.13	1.15	1.13	1.14	1.14	1.14	1.11
MP                  2.63	2.54	2.39	2.50	2.38	2.45	2.47	2.63	2.67	2.45	2.66	2.48
KMP                 2.38	2.54	2.41	2.66	2.48	2.42	2.41	2.68	2.68	2.67	2.64	2.68
BM                  2.95	1.65	0.87	0.53	0.41	0.28	0.24	0.24	0.30	0.32	0.28	0.31
HOR                 2.44	1.28	0.70	0.45	0.32	0.26	0.23	0.21	0.26	0.31	0.27	0.27
GS                  -	-	-	-	-	-	-	-	-	-	-	-
AG                  4.70	2.48	1.31	0.73	0.51	0.42	0.41	0.45	0.49	0.71	1.05	1.64
KR                  1.13	1.10	1.08	1.10	1.09	1.12	1.06	1.20	1.10	1.11	1.25	1.13
ZT                  4.52	2.41	1.30	0.78	0.53	0.39	0.28	0.25	0.25	0.24	0.24	-
AC                  1.88	1.99	1.86	1.84	1.81	1.79	1.79	1.93	1.98	1.75	1.92	1.79
TW                  1.15	1.27	1.16	1.12	1.10	1.09	1.11	1.28	1.28	1.13	1.07	1.10
OM                  2.05	1.39	0.86	0.49	0.34	0.27	0.25	0.27	0.34	0.35	0.35	-
MS                  1.93	1.40	0.81	0.48	0.35	0.28	0.25	0.26	0.39	0.55	0.95	2.73
QS                  1.67	1.18	0.65	0.43	0.31	0.26	0.23	0.21	0.27	0.28	0.25	0.26
NSN                 0.82	0.83	0.82	0.81	0.83	0.83	0.83	0.82	0.94	0.82	0.80	0.82
TBM                 3.93	2.18	1.19	0.66	0.43	0.31	0.30	0.23	0.33	0.29	0.29	0.30
COLUSSI             2.82	2.84	2.89	2.91	2.88	2.88	3.15	2.87	3.12	2.83	2.95	2.98
SMITH               2.24	1.39	0.84	0.52	0.35	0.27	0.25	0.22	0.27	0.26	0.26	0.27
GG                  2.90	2.88	2.95	3.15	3.22	2.90	2.95	2.94	3.20	2.93	2.94	3.19
RAITA               2.23	1.15	0.66	0.47	0.30	0.25	0.23	0.21	0.30	0.27	0.27	0.27
SMOA                1.57	1.50	1.54	1.51	1.54	1.56	1.55	1.54	1.70	1.49	1.55	1.54
RCOLUSSI            -	-	-	-	-	-	-	-	-	-	-	-
SKIP                0.54	0.38	0.29	0.27	0.24	0.24	0.22	0.22	0.26	0.27	0.27	0.34
KMPSKIP             0.43	0.33	0.27	0.27	0.25	0.23	0.23	0.23	0.25	0.26	0.23	0.23
ASKIP               1.60	1.06	0.66	0.46	0.40	0.45	0.66	1.23	2.55	5.41	12.18	23.31
BR                  2.22	1.59	1.00	0.66	0.47	0.37	0.32	0.33	0.30	0.24	0.20	0.19
AKC                 20.37	10.75	5.42	2.70	1.54	2.98	1.90	1.29	1.37	1.07	0.85	0.88
FS                  2.38	1.27	0.74	0.41	0.31	0.26	0.24	0.22	0.28	0.28	0.28	0.29
FFS                 2.28	1.25	0.79	0.47	0.40	0.34	0.31	0.30	0.43	0.42	0.46	-
BFS                 1.96	1.08	0.73	0.46	0.40	0.37	0.32	0.31	0.43	0.42	0.46	0.59
TS                  0.83	0.81	0.81	0.88	0.79	0.77	0.61	0.58	0.41	0.35	0.39	0.86
SSABS               1.42	0.90	0.59	0.47	0.31	0.26	0.24	0.26	0.28	0.28	0.28	0.28
TVSBS               2.21	1.53	1.02	0.78	0.50	0.37	0.33	0.37	0.32	0.25	0.21	-
PBMH                2.37	1.19	0.70	0.48	0.31	0.26	0.26	0.32	0.70	2.16	7.48	27.72
FJS                 1.61	0.96	0.63	0.43	0.31	0.27	0.25	0.23	0.28	0.28	0.29	0.29
HASH3               1.15	2.96	1.05	0.55	0.37	0.28	0.24	0.22	0.27	0.28	0.28	0.28
HASH5               1.12	1.15	1.94	0.72	0.43	0.30	0.25	0.23	0.28	0.28	0.28	0.28
HASH8               1.16	1.18	9.27	1.12	0.53	0.34	0.27	0.23	0.28	0.28	0.28	0.29
TSW                 1.53	1.08	0.77	0.51	0.37	0.30	0.30	0.27	0.26	0.22	0.21	0.20
GRASPM              1.95	1.03	0.67	0.39	0.29	0.25	0.23	0.21	-	-	0.27	0.27
SSEF                1.15	1.17	1.22	1.18	0.29	0.26	0.25	0.23	0.24	0.26	0.30	0.38
AUT                 2.90	2.99	2.99	3.00	2.95	3.21	3.07	3.24	3.17	3.45	4.59	5.31
RF                  0.70	0.46	0.33	0.27	0.25	0.27	0.32	0.44	0.55	0.92	1.79	3.44
TRF                 1.02	0.61	0.42	0.31	0.27	0.32	0.39	0.59	0.85	1.47	2.71	5.44
SIMON               -	-	-	-	-	-	-	-	-	-	-	-
FDM                 1.63	1.68	1.88	2.12	2.79	3.80	5.90	6.48	4.43	4.32	6.26	9.38
BOM                 1.37	1.01	0.97	1.13	1.51	1.49	1.12	0.99	0.68	0.63	0.90	1.37
BOM2                0.74	0.53	0.34	0.27	0.29	0.25	0.27	0.30	0.38	0.58	1.14	2.28
DFDM                1.55	1.71	1.81	2.24	2.83	4.23	6.44	6.31	4.30	4.21	5.82	9.98
WW                  1.60	0.95	0.59	0.42	0.33	0.38	0.39	0.53	0.86	1.69	3.09	6.57
LDM                 1.30	1.32	1.31	1.23	1.32	1.32	1.59	2.08	2.91	6.42	15.63	40.52
ILDM1               0.81	0.49	0.39	0.31	0.26	0.35	0.50	0.70	1.01	2.15	4.01	7.46
ILDM2               1.73	0.95	0.59	0.39	0.30	0.35	0.51	0.70	1.08	2.01	4.06	7.79
EBOM                0.99	0.46	0.32	0.25	0.24	0.24	0.29	0.32	0.41	0.62	1.23	2.14
FBOM                2.71	1.89	1.07	0.70	0.50	0.39	0.38	0.42	0.47	0.67	1.22	2.31
SEBOM               1.11	0.53	0.33	0.26	0.25	0.25	0.27	0.32	0.42	0.64	1.09	2.37
SFBOM               2.86	2.06	1.06	0.71	0.51	0.40	0.41	0.45	0.50	0.69	1.17	2.39
SKIP2               1.15	0.57	0.31	0.24	0.21	0.20	0.20	0.20	0.20	0.22	0.26	0.33
SKIP3               1.16	1.63	0.58	0.35	0.26	0.23	0.22	0.20	0.19	0.21	0.25	0.32
SKIP4               1.20	1.70	0.44	0.28	0.23	0.21	0.20	0.19	0.19	0.21	0.24	0.31
SKIP5               1.17	1.30	0.54	0.30	0.23	0.21	0.20	0.19	0.19	0.21	0.25	0.31
SKIP6               1.19	1.18	0.75	0.33	0.25	0.22	0.20	0.20	0.20	0.21	0.24	0.32
SKIP7               1.15	1.18	1.23	0.41	0.28	0.23	0.21	0.21	0.20	0.21	0.24	0.31
SKIP8               1.15	1.18	2.91	0.51	0.32	0.25	0.23	0.22	0.21	0.22	0.25	0.33
SO                  0.93	0.91	0.90	0.92	0.90	0.79	0.78	0.78	0.79	0.79	0.80	0.80
SA                  1.13	1.15	1.15	1.12	1.19	1.08	1.06	1.07	1.09	1.09	1.11	1.10
BNDM                0.67	0.44	0.32	0.26	0.24	0.24	0.24	0.24	0.24	0.24	0.24	0.24
BNDML               0.67	0.43	0.32	0.26	0.24	0.27	0.26	0.25	0.27	0.34	0.47	1.09
SBNDM               1.58	0.62	0.36	0.26	0.22	0.23	0.23	0.23	0.23	0.23	0.23	0.24
TNDM                0.53	0.38	0.29	0.27	0.25	0.23	0.23	0.23	0.23	0.23	0.23	0.23
TNDMA               0.99	0.59	0.39	0.29	0.25	0.25	0.25	0.25	0.25	0.25	0.26	0.26
LBNDM               0.81	0.51	0.36	0.29	0.25	0.23	0.22	0.20	0.18	0.18	0.18	0.18
SVM0                3.24	1.74	0.93	0.54	0.37	0.37	0.37	0.37	0.38	0.37	0.38	0.38
SVM1                0.86	0.78	0.70	0.70	0.89	0.86	0.84	0.88	0.89	0.89	0.88	0.89
SVM2                4.75	2.39	1.22	0.70	0.44	0.44	0.44	0.44	0.45	0.45	0.45	0.45
SVM3                4.47	2.15	1.12	0.68	0.44	0.44	0.43	0.44	0.44	0.44	0.43	0.43
SVM4                4.32	2.06	1.08	0.67	0.45	0.45	0.45	0.45	0.45	0.44	0.45	0.45
SBNDM2              1.09	0.46	0.30	0.23	0.20	0.21	0.21	0.21	0.21	0.21	0.21	0.21
SBNDM-BMH           1.24	0.69	0.44	0.32	0.27	0.27	0.26	0.26	0.27	0.27	0.27	0.27
BMH-SBNDM           2.12	1.06	0.60	0.39	0.30	0.29	0.29	0.29	0.29	0.29	0.29	0.29
FNDM                0.56	0.38	0.30	0.25	0.24	0.24	0.24	0.24	0.24	0.24	0.24	0.24
BWW                 1.40	0.73	0.46	0.33	0.27	0.27	0.27	0.27	0.27	0.27	0.27	0.27
FAOSO2              1.19	0.56	0.57	0.57	0.55	0.54	0.56	0.56	0.54	0.54	0.56	0.55
FAOSO4              1.21	1.18	0.37	0.37	-	-	-	-	-	-	-	-
FAOSO6              1.21	1.16	0.36	0.31	-	-	-	-	-	-	-	-
AOSO2               1.14	0.66	0.66	0.67	0.66	0.66	0.66	0.66	0.66	0.67	0.67	0.65
AOSO4               1.12	1.12	0.42	0.42	0.42	0.42	0.42	0.41	0.41	0.42	0.42	0.41
AOSO6               1.19	1.13	0.38	0.33	0.34	0.33	0.33	0.33	0.33	0.34	0.33	0.34
BLIM                1.73	1.57	1.63	1.88	1.86	1.98	2.74	3.92	5.90	10.38	41.98	127.69
FSBNDM              0.53	0.36	0.26	0.22	0.21	0.20	0.23	0.20	0.21	0.20	0.20	0.24
BNDMQ2              1.43	0.57	0.34	0.24	0.21	0.20	0.20	0.20	0.20	0.20	0.20	0.24
BNDMQ4              1.16	2.17	0.54	0.31	0.24	0.22	0.22	0.22	0.22	0.22	0.22	0.26
BNDMQ6              1.19	1.33	1.04	0.40	0.26	0.25	0.24	0.25	0.25	0.25	0.24	0.26
SBNDMQ2             0.91	0.42	0.28	0.23	0.21	0.20	0.20	0.20	0.20	0.20	0.20	0.20
SBNDMQ4             1.18	1.62	0.44	0.27	0.22	0.23	0.22	0.22	0.22	0.22	0.22	0.22
SBNDMQ6             1.17	1.24	0.84	0.35	0.25	0.25	0.25	0.25	0.25	0.25	0.25	0.25
SBNDMQ8             1.19	1.14	2.98	0.45	0.28	0.28	0.28	0.28	0.28	0.28	0.28	0.28
UFNDMQ2             0.68	0.42	0.30	0.24	0.21	0.21	0.21	0.21	0.21	0.21	0.21	-
UFNDMQ4             1.12	0.57	0.37	0.27	0.23	0.23	0.23	0.23	0.23	0.23	0.23	-
UFNDMQ6             1.13	1.28	0.44	0.30	0.25	0.25	0.25	0.25	0.25	0.25	0.25	-
UFNDMQ8             1.13	1.31	0.50	0.35	0.28	0.28	0.29	0.29	0.29	0.29	0.29	-
SABP                1.49	1.12	0.64	0.50	0.41	0.41	0.41	0.41	0.41	0.41	0.42	0.41
DBWW                0.87	0.55	0.37	0.29	0.12	0.11	0.11	0.11	0.13	0.14	0.13	0.15
DBWW2               0.89	0.53	0.37	0.29	0.12	0.11	0.11	0.11	0.13	0.13	0.13	0.15
KSA                 1.63	1.64	1.65	1.70	1.60	1.64	1.63	1.60	1.69	1.59	1.61	1.73
KBNDM               1.87	0.97	0.57	0.44	0.30	0.26	0.22	0.21	0.25	0.23	0.23	0.25
BSDM                0.52	0.33	0.26	0.25	0.23	0.23	0.22	0.23	0.26	0.22	0.23	0.27
BSDM2               0.97	0.40	0.28	0.23	0.21	0.20	0.20	0.20	0.21	0.20	0.20	0.24
BSDM3               1.18	0.58	0.32	0.24	0.22	0.20	0.19	0.19	0.19	0.19	0.20	0.21
BSDM4               1.15	1.41	0.42	0.27	0.23	0.21	0.20	0.20	0.20	0.19	0.19	0.20
BSDM5               1.14	1.34	0.49	0.29	0.23	0.21	0.20	0.20	0.20	0.20	0.20	0.21
BSDM6               1.14	1.34	0.68	0.31	0.24	0.21	0.20	0.20	0.20	0.20	0.20	0.21
BSDM7               1.14	1.30	1.10	0.37	0.26	0.22	0.21	0.21	0.20	0.21	0.21	0.22
BSDM8               1.20	1.09	2.39	0.42	0.30	0.24	0.22	0.22	0.21	0.21	0.21	0.22
BXS                 0.43	0.32	0.26	0.24	0.23	0.23	0.22	0.22	0.22	0.22	0.22	0.23
BXS1                0.43	0.32	0.26	0.24	0.22	0.22	0.21	0.20	0.18	0.18	0.18	0.18
BXS2                1.17	0.40	0.27	0.22	0.20	0.20	0.20	0.20	0.20	0.20	0.20	0.20
BXS3                1.17	0.66	0.34	0.24	0.21	-	-	-	-	-	-	-
BXS4                1.15	1.56	0.42	0.27	0.22	0.22	0.22	0.22	0.22	0.22	0.22	0.22
BXS6                1.16	1.17	0.80	0.34	0.25	0.25	0.25	0.24	0.24	0.25	0.25	0.24
BXS8                1.15	1.16	2.97	0.45	0.27	0.28	0.28	0.28	0.28	0.28	0.28	0.28
FS-W1               1.94	1.06	0.70	0.40	0.30	0.26	0.24	0.22	0.28	0.28	0.29	0.30
FS-W2               1.07	0.61	0.44	0.29	0.24	0.22	0.21	0.20	0.24	0.24	0.25	0.26
FS-W4               0.73	0.40	0.29	0.23	0.21	0.20	0.20	0.19	0.21	0.21	0.22	0.24
FS-W6               0.60	0.35	0.26	0.22	0.20	0.20	0.19	0.19	0.20	0.20	0.21	0.22
FS-W8               0.60	0.34	0.26	0.21	0.20	0.19	0.19	0.19	0.19	0.20	0.20	0.22
FSBNDM-W1           1.34	0.72	0.44	0.32	0.26	0.26	0.26	0.26	0.26	0.26	0.26	0.26
FSBNDM-W2           0.76	0.45	0.31	0.25	0.22	0.21	0.22	0.21	0.22	0.22	0.22	0.22
FSBNDM-W4           1.18	0.34	0.25	0.21	0.19	0.19	0.20	0.19	0.19	0.20	0.20	0.19
FSBNDM-W6           1.17	1.13	0.25	0.21	0.19	0.19	0.19	0.19	0.20	0.19	0.19	0.20
FSBNDM-W8           1.17	1.14	1.20	0.21	0.19	0.19	0.19	0.19	0.19	0.19	0.19	0.19
FSBNDMQ20           1.08	0.46	0.30	0.23	0.21	0.20	0.20	0.20	0.20	0.20	0.21	0.21
FSBNDMQ21           0.53	0.36	0.26	0.22	0.20	0.20	0.20	0.20	0.20	0.20	0.20	0.20
FSBNDMQ31           1.15	0.51	0.32	0.24	0.21	0.21	0.21	0.21	0.21	0.21	0.21	0.21
FSBNDMQ32           1.19	0.43	0.31	0.24	0.21	0.21	0.21	0.21	0.21	0.21	0.21	0.21
FSBNDMQ41           1.17	0.83	0.39	0.26	0.22	0.22	0.22	0.22	0.22	0.22	0.22	0.22
FSBNDMQ42           1.30	0.61	0.36	0.26	0.22	0.22	0.22	0.22	0.22	0.22	0.22	0.22
FSBNDMQ43           1.32	0.52	0.35	0.25	0.22	0.22	0.22	0.22	0.22	0.22	0.22	0.22
FSBNDMQ61           1.33	1.15	0.67	0.35	0.24	0.25	0.24	0.24	0.25	0.24	0.25	0.25
FSBNDMQ62           1.30	1.16	0.56	0.33	0.24	0.24	0.24	0.25	0.24	0.24	0.24	0.25
FSBNDMQ64           1.27	1.15	0.46	0.31	0.25	0.25	0.24	0.24	0.25	0.25	0.25	0.25
FSBNDMQ81           1.19	1.16	1.56	0.43	0.27	0.28	0.27	0.28	0.27	0.28	0.28	0.28
FSBNDMQ82           1.30	1.24	1.12	0.42	0.28	0.28	0.27	0.27	0.28	0.28	0.28	0.28
FSBNDMQ84           1.17	1.16	0.70	0.37	0.28	0.28	0.27	0.28	0.28	0.27	0.28	0.28
FSBNDMQ86           1.16	1.28	0.56	0.35	0.28	0.27	0.28	0.28	0.28	0.28	0.28	0.28
IOM                 1.51	1.06	0.60	0.41	0.30	0.26	0.24	0.23	0.27	0.28	0.28	0.28
JOM                 1.61	-	-	-	-	0.34	0.29	0.26	0.28	0.26	0.23	0.22
LWFR2               0.84	0.42	0.29	0.24	0.22	0.21	0.21	0.20	0.20	0.19	0.20	0.24
LWFR3               1.17	1.14	0.41	0.25	0.22	0.21	0.20	0.19	0.19	0.20	0.21	0.24
LWFR4               1.17	1.20	0.38	0.26	0.22	0.21	0.20	0.19	0.19	0.19	0.21	0.23
LWFR5               1.16	1.17	1.72	0.30	0.24	0.21	0.20	0.20	0.19	0.19	0.21	0.23
LWFR6               1.16	1.17	2.12	0.41	0.24	0.22	0.20	0.20	0.19	0.19	0.21	0.25
LWFR7               1.16	1.16	2.17	0.41	0.27	0.22	0.20	0.21	0.19	0.19	0.21	0.27
LWFR8               1.20	1.17	2.34	0.40	0.27	0.22	0.21	0.21	0.20	0.20	0.21	0.27
QF23                1.23	0.74	0.44	0.40	0.40	0.35	0.29	0.28	59.02	222.14	-	-
QF24                1.17	0.51	0.31	0.25	0.24	0.23	0.22	0.23	0.23	0.23	-	-
QF26                1.20	0.42	0.28	0.23	0.21	0.20	0.19	0.19	0.18	0.18	0.18	0.18
QF28                1.23	0.47	0.32	0.25	0.23	0.21	0.20	0.18	0.18	0.18	0.18	0.18
QF33                1.16	0.74	0.36	0.26	0.23	0.21	0.20	0.21	0.20	0.19	0.20	0.22
QF34                1.18	0.74	0.34	0.25	0.22	0.20	0.19	0.19	0.18	0.18	0.17	0.18
QF36                1.24	1.16	0.54	0.35	0.28	0.25	0.25	0.23	0.21	0.21	0.21	0.22
QF42                1.15	1.17	0.55	0.31	0.26	0.24	0.22	0.22	0.22	0.22	0.21	-
QF43                1.13	1.18	0.43	0.28	0.22	0.20	0.19	0.19	0.18	0.18	0.18	0.18
QF44                1.19	1.17	0.49	0.32	0.25	0.22	0.21	0.19	0.18	0.18	0.18	0.18
QF53                1.24	1.17	0.62	0.32	0.24	0.22	0.20	0.19	0.18	0.18	0.18	0.18
QF62                1.13	1.18	0.90	0.37	0.25	0.21	0.20	0.20	0.19	0.18	0.18	0.18
QF63                1.32	1.22	1.13	0.45	0.33	0.27	0.25	0.25	0.22	0.22	0.21	0.22
QF72                1.32	1.20	1.49	0.42	0.27	0.22	0.21	0.21	0.19	0.19	0.18	0.18
QF82                1.31	1.13	1.32	0.50	0.31	0.25	0.22	0.22	0.20	0.18	0.18	0.19
QLQS                0.88	0.53	0.42	0.28	0.24	0.23	0.22	0.21	0.21	0.22	0.22	0.22
SBNDM-W2            0.70	0.45	0.36	0.26	0.23	0.23	0.23	0.23	0.23	0.23	0.23	0.23
SBNDM-W4            0.47	0.34	0.26	0.23	0.21	0.11	0.11	0.11	0.13	0.13	0.13	0.15
SBNDM-W6            -	0.33	0.27	0.24	0.22	0.11	0.11	0.11	0.13	0.13	0.13	0.15
SSM                 2.01	1.07	0.62	0.41	0.30	0.26	0.24	0.23	0.27	0.26	0.25	0.26
TSA                 0.91	0.55	0.37	0.27	0.22	0.21	0.11	0.11	0.13	0.13	0.13	0.15
TSA-Q2              -	-	-	-	-	-	0.12	0.11	0.14	0.13	0.13	0.15
TSO5                1.03	0.61	0.40	0.28	0.23	0.24	0.12	0.11	0.13	0.13	0.13	0.15
TUNEDBM             2.50	1.22	0.68	0.42	0.31	0.26	0.23	0.22	0.27	0.27	0.27	0.27
TVSBS-W2            1.70	1.10	0.74	0.51	0.37	0.31	0.28	0.27	0.26	0.23	0.21	-
TVSBS-W4            0.92	0.65	0.48	0.36	0.30	0.25	0.25	0.24	0.22	0.21	0.20	-
TVSBS-W6            0.80	0.61	0.44	0.34	0.28	0.25	0.25	0.22	0.21	0.21	0.20	-
TVSBS-W8            0.64	0.49	0.38	0.31	0.26	0.25	0.25	0.22	0.21	0.20	0.20	-
WFR                 0.57	0.38	0.30	0.26	0.24	0.23	0.23	0.21	0.20	0.19	0.20	0.28
WFR2                1.11	0.50	0.33	0.25	0.22	0.21	0.21	0.20	0.19	0.19	0.20	0.23
WFR3                1.15	1.77	0.56	0.31	0.23	0.21	0.20	0.20	0.19	0.19	0.20	0.23
WFR4                1.19	1.50	0.46	0.28	0.23	0.21	0.20	0.19	0.18	0.19	0.20	0.23
WFR5                1.16	1.15	1.87	0.33	0.24	0.21	0.20	0.20	0.19	0.19	0.20	0.24
WFR6                1.20	1.16	2.30	0.44	0.26	0.22	0.20	0.20	0.19	0.19	0.20	0.23
WFR7                1.13	1.14	2.36	0.44	0.28	0.22	0.21	0.21	0.20	0.19	0.20	0.24
WFR8                1.17	1.16	2.54	0.44	0.28	0.22	0.21	0.21	0.19	0.19	0.20	0.23
WFRQ2               1.11	0.49	0.31	0.24	0.22	0.21	0.20	0.20	0.19	0.18	0.18	0.19
WFRQ3               1.17	1.78	0.55	0.30	0.23	0.21	0.20	0.19	0.18	0.18	0.18	0.19
WFRQ4               1.17	1.45	0.42	0.28	0.22	0.21	0.20	0.19	0.18	0.18	0.18	0.19
WFRQ5               1.20	1.14	1.78	0.32	0.24	0.21	0.20	0.20	0.19	0.18	0.18	0.19
WFRQ6               1.15	1.14	2.05	0.45	0.26	0.22	0.20	0.20	0.19	0.18	0.18	0.19
WFRQ7               1.19	1.12	2.31	0.44	0.28	0.22	0.21	0.21	0.19	0.18	0.19	0.20
WFRQ8               1.17	1.17	2.51	0.44	0.27	0.22	0.21	0.20	0.19	0.18	0.18	0.19
TWFR                0.44	0.33	0.27	0.24	0.24	0.23	0.23	0.22	0.20	0.19	0.21	0.24
TWFR2               0.82	0.40	0.29	0.24	0.22	0.21	0.20	0.20	0.19	0.19	0.20	0.23
TWFR3               1.18	1.09	0.41	0.25	0.22	0.20	0.20	0.19	0.19	0.19	0.20	0.23
TWFR4               1.18	1.22	0.40	0.26	0.22	0.20	0.20	0.19	0.19	0.19	0.20	0.24
TWFR5               1.17	1.16	1.52	0.31	0.24	0.22	0.20	0.20	0.20	0.20	0.21	0.25
TWFR6               1.24	1.14	1.73	0.41	0.24	0.21	0.20	0.20	0.19	0.19	0.20	0.24
TWFR7               1.17	1.14	2.01	0.42	0.27	0.22	0.20	0.21	0.19	0.19	0.20	0.23
TWFR8               1.18	1.18	2.21	0.40	0.26	0.22	0.22	0.21	0.20	0.19	0.20	0.23
TWFRQ2              0.79	0.40	0.29	0.23	0.21	0.20	0.20	0.19	0.19	0.13	0.13	0.15
TWFRQ3              1.25	1.09	0.40	0.25	0.22	0.20	0.19	0.19	0.18	0.18	0.19	0.19
TWFRQ4              1.29	1.28	0.38	0.26	0.22	0.20	0.19	0.19	0.18	0.13	0.13	0.15
TWFRQ5              1.24	1.18	1.58	0.30	0.23	0.21	0.20	0.19	0.18	0.18	0.18	0.19
TWFRQ6              1.25	1.18	2.05	0.40	0.24	0.21	0.20	0.20	0.19	0.18	0.18	0.20
TWFRQ7              1.20	1.16	2.32	0.41	0.26	0.22	0.20	0.20	0.19	0.19	0.18	0.20
TWFRQ8              1.17	1.16	2.56	0.40	0.26	0.22	0.20	0.20	0.19	0.18	0.18	0.19
WC                  1.62	1.60	1.77	1.56	1.58	1.63	1.72	1.61	1.60	1.68	1.64	1.56
WOM                 1.68	0.96	0.71	0.43	0.31	0.25	0.26	0.22	0.25	0.29	0.26	0.26
DOUBLEHASH          2.62	1.29	0.81	0.46	0.31	0.26	0.26	0.21	0.24	0.28	0.26	0.28
BRAM3               1.20	1.18	0.50	0.33	0.25	0.23	0.23	0.21	0.19	0.19	0.20	0.20
BRAM5               1.18	1.32	0.80	0.40	0.28	0.24	0.23	0.21	0.20	0.20	0.20	0.20
BRAM7               1.20	1.15	1.90	0.50	0.31	0.25	0.23	0.23	0.21	0.20	0.20	0.21
FT3                 4.37	-	1.32	-	-	-	-	-	-	-	-	-
SSECP               -	-	-	-	-	-	-	-	-	-	-	-
LIBC                -	-	-	-	-	-	-	-	-	-	-	-
MUSL                -	-	-	-	-	-	-	-	-	-	-	-
LIBC1               0.81	0.44	0.31	0.27	0.23	0.22	0.22	0.22	0.26	0.27	0.27	0.28
MUSL1               0.05	0.39	0.16	0.14	0.12	0.11	0.11	0.11	0.13	0.13	0.13	0.15
SIMDKR              0.21	0.21	0.22	0.24	0.21	0.22	0.25	0.26	0.25	0.24	0.24	0.24
EPSM                0.24	0.27	0.32	0.36	0.24	0.21	0.21	0.20	0.21	0.23	0.27	0.38
