BF                  1.21	1.18	1.20	1.16	1.22	1.29	1.19	1.20	1.18	1.20	1.19	1.20
MP                  2.17	2.09	2.17	2.05	2.18	2.27	2.13	2.20	2.07	2.17	2.13	2.17
KMP                 2.18	2.09	2.18	2.06	2.20	2.32	2.20	2.22	2.08	2.18	2.15	2.18
BM                  2.29	1.33	0.88	0.61	0.48	0.45	0.36	0.32	0.30	0.29	0.27	0.27
HOR                 1.80	1.04	0.78	0.51	0.43	0.40	0.33	0.31	0.29	0.28	0.27	0.26
GS                  2.08	2.00	2.16	1.99	2.09	2.02	2.07	2.11	1.99	2.05	2.10	2.04
AG                  3.51	2.14	1.61	1.09	0.82	0.68	0.69	0.71	0.76	1.07	1.31	1.94
KR                  0.82	0.69	0.71	0.68	0.70	0.68	0.70	0.70	0.67	0.71	0.70	0.70
ZT                  2.32	1.27	0.77	0.51	0.38	0.30	0.29	0.25	0.24	0.24	0.23	-
AC                  1.80	1.65	1.67	1.68	1.73	1.63	1.80	1.74	1.64	1.76	1.71	1.73
TW                  1.12	1.07	1.13	1.12	1.05	0.88	0.78	0.69	0.67	0.68	0.68	0.67
OM                  1.58	1.09	0.76	0.57	0.46	0.40	0.39	0.33	0.31	0.34	0.43	-
MS                  1.55	1.07	0.73	0.52	0.43	0.37	0.37	0.32	0.32	0.41	0.74	-
QS                  1.46	1.02	0.71	0.50	0.42	0.35	0.36	0.30	0.28	0.28	0.26	0.25
NSN                 1.02	0.97	1.00	1.01	1.03	0.97	1.08	1.04	0.97	1.05	0.98	1.02
TBM                 2.72	1.56	1.00	0.69	0.59	0.44	0.44	0.35	0.32	0.31	0.30	0.29
COLUSSI             2.29	2.14	2.16	2.24	2.31	2.19	2.36	2.31	2.17	2.33	2.28	2.30
SMITH               1.66	1.05	0.69	0.49	0.40	0.31	0.32	0.27	0.25	0.25	0.24	0.24
GG                  2.60	2.61	2.46	2.55	2.61	2.44	2.68	2.63	2.47	2.64	2.59	2.61
RAITA               1.79	1.08	0.70	0.51	0.42	0.36	0.33	0.31	0.28	0.28	0.27	0.26
SMOA                1.65	1.67	1.60	1.60	1.68	1.60	1.62	1.70	1.63	1.64	1.69	1.62
RCOLUSSI            -	-	-	-	-	-	-	-	-	-	-	-
SKIP                1.00	1.01	0.77	0.60	0.53	0.40	0.36	0.35	0.33	0.39	0.46	0.53
KMPSKIP             1.06	1.06	0.85	0.66	0.60	0.47	0.41	0.40	0.37	0.37	0.38	0.37
ASKIP               1.21	1.04	0.80	0.51	0.44	0.41	0.54	0.89	1.66	3.03	5.90	12.00
BR                  1.33	0.96	0.67	0.47	0.41	0.29	0.25	0.24	0.23	0.23	0.22	0.22
AKC                 4.61	2.87	1.98	1.33	0.93	1.89	1.33	1.14	1.16	1.06	0.95	1.08
FS                  1.64	0.97	0.65	0.49	0.39	0.34	0.31	0.29	0.28	0.26	0.26	0.26
FFS                 1.62	0.95	0.64	0.49	0.37	0.32	0.29	0.27	0.27	0.26	0.27	-
BFS                 1.65	0.99	0.64	0.50	0.37	0.33	0.29	0.28	0.27	0.26	0.27	0.29
TS                  0.93	0.82	0.62	0.50	0.43	0.37	0.35	0.35	0.33	0.33	0.35	0.35
SSABS               1.45	1.00	0.72	0.54	0.44	0.38	0.34	0.32	0.31	0.28	0.28	0.27
TVSBS               1.28	1.03	0.64	0.47	0.40	0.34	0.26	0.24	0.25	0.24	0.25	-
PBMH                1.85	1.06	0.69	0.50	0.40	0.35	0.34	0.45	0.75	1.99	7.35	28.51
FJS                 1.46	1.01	0.74	0.56	0.45	0.40	0.35	0.37	0.32	0.30	0.29	0.28
HASH3               0.84	1.69	0.72	0.43	0.32	0.28	0.23	0.26	0.24	0.22	0.22	0.22
HASH5               0.85	0.82	1.05	0.50	0.35	0.30	0.23	0.26	0.24	0.22	0.23	0.23
HASH8               0.84	0.82	4.06	0.66	0.37	0.32	0.24	0.26	0.24	0.23	0.23	0.23
TSW                 0.97	0.74	0.51	0.39	0.31	0.30	0.24	0.25	0.22	0.21	0.21	0.21
GRASPM              1.63	0.97	0.63	0.48	0.38	0.37	0.30	0.30	0.26	0.25	0.24	0.24
SSEF                0.86	0.84	0.82	0.84	2.45	2.62	2.52	2.66	2.61	2.77	4.19	9.17
AUT                 1.97	1.82	1.78	1.83	1.77	1.81	1.87	2.09	2.05	2.19	2.73	3.56
RF                  1.19	0.99	0.81	0.60	0.43	0.38	0.38	0.47	0.59	0.88	1.74	2.95
TRF                 1.41	1.23	0.96	0.70	0.49	0.46	0.47	0.56	0.82	1.33	2.81	4.82
SIMON               1.52	1.61	1.60	1.59	1.53	1.58	1.62	1.58	1.63	1.55	1.75	1.68
FDM                 2.02	2.71	3.23	3.52	3.53	3.93	4.85	5.43	6.97	7.96	10.12	13.17
BOM                 1.34	1.24	1.12	0.92	0.73	0.56	0.45	0.36	0.32	0.28	0.28	0.33
BOM2                1.20	1.02	0.82	0.57	0.41	0.35	0.32	0.33	0.40	0.55	0.86	1.61
DFDM                2.10	2.75	3.10	3.56	3.53	3.96	4.86	5.41	7.01	8.08	9.84	13.65
WW                  1.51	1.25	0.91	0.64	0.44	0.42	0.45	0.55	0.83	1.32	2.42	4.86
LDM                 1.75	1.65	1.44	1.56	1.72	1.97	2.22	2.33	2.74	3.30	4.58	7.65
ILDM1               1.20	1.06	0.83	0.63	0.42	0.42	0.50	0.60	0.95	1.59	2.85	5.84
ILDM2               1.38	1.13	0.85	0.63	0.43	0.43	0.52	0.61	0.95	1.59	2.84	5.86
EBOM                0.70	0.46	0.38	0.39	0.34	0.32	0.31	0.33	0.41	0.57	0.91	1.62
FBOM                1.60	1.06	0.70	0.52	0.42	0.35	0.32	0.34	0.41	0.56	0.92	1.62
SEBOM               0.73	0.47	0.38	0.35	0.34	0.32	0.31	0.33	0.41	0.56	0.91	1.62
SFBOM               1.71	1.11	0.73	0.55	0.45	0.36	0.32	0.34	0.41	0.57	0.92	1.62
SKIP2               0.86	0.51	0.40	0.34	0.36	0.29	0.26	0.25	0.25	0.25	0.29	0.35
SKIP3               0.87	0.56	0.35	0.29	0.30	0.25	0.24	0.24	0.24	0.24	0.27	0.32
SKIP4               0.85	0.84	0.35	0.27	0.24	0.22	0.22	0.21	0.23	0.23	0.26	0.31
SKIP5               0.82	0.84	0.38	0.27	0.24	0.22	0.22	0.21	0.22	0.22	0.26	0.31
SKIP6               0.82	0.84	0.48	0.28	0.23	0.22	0.21	0.21	0.22	0.22	0.26	0.31
SKIP7               0.82	0.84	0.69	0.30	0.24	0.22	0.21	0.21	0.22	0.22	0.25	0.31
SKIP8               0.81	0.85	1.33	0.33	0.25	0.23	0.22	0.21	0.22	0.22	0.26	0.31
SO                  0.62	0.64	0.64	0.63	0.62	0.60	0.61	0.62	0.62	0.60	0.63	0.62
SA                  0.83	0.85	0.85	0.82	0.82	0.79	0.80	0.82	0.82	0.80	0.82	0.82
BNDM                0.98	0.89	0.73	0.50	0.36	0.36	0.37	0.38	0.37	0.37	0.37	0.37
BNDML               0.99	0.89	0.73	0.51	0.37	0.38	0.32	0.30	0.29	0.30	0.42	0.78
SBNDM               1.01	0.60	0.45	0.36	0.33	0.36	0.35	0.37	0.36	0.35	0.36	0.36
TNDM                0.97	0.91	0.74	0.51	0.38	0.36	0.37	0.37	0.37	0.36	0.37	0.38
TNDMA               1.09	0.98	0.83	0.60	0.43	0.41	0.42	0.43	0.42	0.41	0.42	0.42
LBNDM               1.08	0.98	0.78	0.54	0.39	0.30	0.26	0.28	0.24	0.24	0.27	0.41
SVM0                2.08	1.28	0.81	0.52	0.40	0.39	0.40	0.45	0.41	0.41	0.41	0.41
SVM1                1.10	1.06	0.92	0.81	0.67	0.69	0.68	0.73	0.67	0.67	0.67	0.67
SVM2                3.00	1.84	1.16	0.70	0.50	0.49	0.48	0.55	0.50	0.50	0.50	0.50
SVM3                2.80	1.62	1.08	0.73	0.52	0.51	0.51	0.57	0.52	0.52	0.52	0.52
SVM4                2.74	1.59	1.07	0.73	0.55	0.56	0.55	0.56	0.57	0.57	0.57	0.56
SBNDM2              0.68	0.44	0.41	0.33	0.31	0.30	0.30	0.30	0.31	0.31	0.31	0.31
SBNDM-BMH           1.26	0.93	0.76	0.48	0.36	0.35	0.36	0.35	0.37	0.36	0.36	0.37
BMH-SBNDM           1.71	1.07	0.77	0.50	0.41	0.39	0.38	0.38	0.39	0.40	0.40	0.40
FNDM                1.06	0.94	0.82	0.53	0.38	0.37	0.37	0.38	0.38	0.39	0.38	0.38
BWW                 1.55	1.22	0.95	0.63	0.45	0.44	0.44	0.44	0.44	0.47	0.44	0.44
FAOSO2              0.84	0.57	0.50	0.46	0.48	0.47	0.47	0.47	0.47	0.47	0.48	0.48
FAOSO4              0.84	0.85	0.41	0.34	0.34	0.33	0.33	0.33	0.33	0.33	0.34	0.34
FAOSO6              0.85	0.85	0.88	0.35	0.29	0.28	0.28	0.28	0.28	0.28	0.29	0.29
AOSO2               0.85	0.65	0.55	0.55	0.57	0.55	0.54	0.54	0.54	0.54	0.56	0.56
AOSO4               0.84	0.85	0.44	0.40	0.39	0.37	0.36	0.36	0.38	0.37	0.38	0.38
AOSO6               0.84	0.84	0.97	0.36	0.32	0.31	0.30	0.31	0.31	0.31	0.32	0.32
BLIM                0.94	0.96	0.97	1.05	1.31	1.84	2.94	4.68	8.62	16.02	35.85	69.14
FSBNDM              0.78	0.53	0.42	0.35	0.35	0.31	0.31	0.31	0.32	0.34	0.31	0.32
BNDMQ2              0.80	0.47	0.37	0.34	0.34	0.30	0.33	0.30	0.31	0.34	0.31	0.31
BNDMQ4              0.85	0.99	0.37	0.28	0.27	0.24	0.27	0.24	0.25	0.27	0.25	0.25
BNDMQ6              0.85	0.85	0.60	0.31	0.26	0.24	0.25	0.24	0.25	0.27	0.25	0.25
SBNDMQ2             0.71	0.49	0.37	0.34	0.35	0.34	0.30	0.31	0.31	0.31	0.34	0.33
SBNDMQ4             0.85	0.96	0.36	0.27	0.24	0.24	0.24	0.24	0.25	0.27	0.25	0.25
SBNDMQ6             0.84	0.87	0.64	0.32	0.25	0.25	0.24	0.24	0.27	0.27	0.28	0.25
SBNDMQ8             0.84	0.87	1.86	0.38	0.26	0.26	0.26	0.25	0.29	0.27	0.29	0.26
UFNDMQ2             1.31	1.21	1.02	0.99	0.95	0.96	0.97	0.96	1.06	0.97	1.05	1.00
UFNDMQ4             0.85	1.11	0.99	0.93	0.90	0.91	0.90	0.91	0.92	0.93	0.99	0.94
UFNDMQ6             0.84	0.82	1.03	0.94	0.91	0.91	0.92	0.90	0.92	0.92	0.99	0.93
UFNDMQ8             0.85	0.82	1.05	0.93	0.93	0.93	0.93	0.93	0.93	0.97	1.01	0.96
SABP                1.61	1.33	1.09	0.86	0.71	0.71	0.70	0.69	0.71	0.75	0.76	0.76
DBWW                1.27	0.96	0.64	0.47	0.49	0.39	0.33	0.30	0.28	0.31	0.28	0.31
DBWW2               1.27	0.95	0.64	0.46	0.48	0.38	0.33	0.30	0.28	0.31	0.27	0.31
KSA                 1.15	1.03	1.02	1.02	1.02	1.02	1.02	1.01	1.02	1.07	1.02	1.07
KBNDM               1.43	0.79	0.55	0.43	0.35	0.30	0.26	0.25	0.25	0.28	0.25	0.26
BSDM                1.02	0.86	0.81	0.72	0.65	0.59	0.56	0.54	0.51	0.55	0.48	0.48
BSDM2               0.69	0.42	0.38	0.35	0.35	0.34	0.33	0.33	0.32	0.35	0.32	0.32
BSDM3               0.87	0.47	0.34	0.29	0.27	0.26	0.25	0.25	0.25	0.28	0.25	0.25
BSDM4               0.87	0.77	0.35	0.27	0.24	0.23	0.23	0.22	0.23	0.25	0.22	0.23
BSDM5               0.86	0.82	0.38	0.27	0.23	0.22	0.22	0.22	0.22	0.25	0.22	0.23
BSDM6               0.87	0.81	0.46	0.28	0.23	0.22	0.22	0.21	0.21	0.24	0.22	0.22
BSDM7               0.88	0.81	0.63	0.30	0.24	0.22	0.21	0.21	0.21	0.23	0.22	0.22
BSDM8               0.87	0.81	1.22	0.32	0.25	0.23	0.21	0.21	0.21	0.21	0.22	0.22
BXS                 1.05	0.91	0.76	0.53	0.38	0.38	0.38	0.38	0.37	0.38	0.38	0.38
BXS1                1.03	0.88	0.74	0.51	0.36	0.31	0.26	0.23	0.22	0.22	0.21	0.21
BXS2                0.84	0.48	0.38	0.33	0.34	0.34	0.30	0.31	0.31	0.31	0.34	0.34
BXS3                0.85	0.52	0.34	0.29	0.25	-	-	-	-	-	-	-
BXS4                0.82	0.89	0.36	0.28	0.23	0.23	0.24	0.24	0.24	0.24	0.24	0.24
BXS6                0.82	0.82	0.56	0.32	0.24	0.24	0.23	0.24	0.24	0.24	0.24	0.24
BXS8                0.83	0.82	1.65	0.37	0.26	0.26	0.26	0.25	0.25	0.26	0.26	0.26
FS-W1               1.60	0.99	0.67	0.49	0.40	0.35	0.31	0.29	0.28	0.26	0.26	0.26
FS-W2               1.12	0.73	0.51	0.40	0.34	0.31	0.27	0.26	0.25	0.25	0.24	0.25
FS-W4               -	-	-	0.72	0.48	0.39	0.33	0.30	0.29	0.28	0.27	0.27
FS-W6               -	-	-	0.72	0.48	0.40	0.33	0.30	0.28	0.28	0.27	0.27
FS-W8               -	-	-	0.94	0.54	0.44	0.33	0.30	0.30	0.31	0.31	0.31
FSBNDM-W1           1.28	0.80	0.54	0.41	0.34	0.38	0.35	0.34	0.34	0.34	0.34	0.35
FSBNDM-W2           1.07	0.67	0.46	0.36	0.30	0.34	0.31	0.30	0.31	0.31	0.30	0.31
FSBNDM-W4           -	-	-	0.74	0.49	0.43	0.33	0.30	0.28	0.28	0.27	0.27
FSBNDM-W6           -	-	-	0.94	0.55	0.42	0.33	0.30	0.29	0.32	0.31	0.31
FSBNDM-W8           -	-	-	0.73	0.48	0.38	0.33	0.31	0.28	0.28	0.27	0.27
FSBNDMQ20           0.70	0.45	0.36	0.33	0.34	0.30	0.30	0.31	0.31	0.34	0.34	0.34
FSBNDMQ21           0.76	0.52	0.42	0.35	0.32	0.31	0.31	0.32	0.31	0.31	0.31	0.31
FSBNDMQ31           0.82	0.45	0.34	0.29	0.25	0.25	0.25	0.26	0.26	0.25	0.25	0.26
FSBNDMQ32           -	-	-	0.72	0.48	0.38	0.33	0.31	0.28	0.28	0.27	0.27
FSBNDMQ41           0.85	0.58	0.34	0.28	0.27	0.24	0.24	0.23	0.25	0.27	0.27	0.27
FSBNDMQ42           -	-	-	0.73	0.47	0.38	0.33	0.31	0.28	0.28	0.28	0.27
FSBNDMQ43           -	-	-	0.75	0.48	0.38	0.33	0.34	0.29	0.28	0.28	0.27
FSBNDMQ61           0.82	0.83	0.48	0.30	0.25	0.24	0.24	0.27	0.24	0.24	0.24	0.24
FSBNDMQ62           -	-	-	0.73	0.50	0.38	0.33	0.34	0.29	0.28	0.27	0.27
FSBNDMQ64           -	-	-	0.72	0.50	0.38	0.33	0.34	0.29	0.28	0.27	0.27
FSBNDMQ81           0.82	0.83	0.92	0.35	0.26	0.25	0.27	0.29	0.25	0.26	0.26	0.26
FSBNDMQ82           -	-	-	0.73	0.50	0.38	0.38	0.34	0.29	0.28	0.27	0.27
FSBNDMQ84           -	-	-	0.73	0.50	0.40	0.37	0.34	0.29	0.28	0.27	0.27
FSBNDMQ86           -	-	-	0.72	0.49	0.40	0.38	0.34	0.29	0.28	0.27	0.27
IOM                 1.38	0.95	0.67	0.53	0.44	0.39	0.38	0.36	0.30	0.28	0.28	0.27
JOM                 1.58	1.08	0.74	0.53	0.41	0.32	0.30	0.27	0.23	0.22	0.22	0.22
LWFR2               0.73	0.47	0.38	0.34	0.32	0.28	0.27	0.24	0.21	0.20	0.22	0.23
LWFR3               0.82	0.77	0.39	0.28	0.26	0.24	0.25	0.25	0.21	0.20	0.22	0.23
LWFR4               0.84	0.83	0.35	0.27	0.27	0.22	0.22	0.20	0.21	0.24	0.24	0.26
LWFR5               0.82	0.82	0.91	0.28	0.24	0.22	0.22	0.20	0.20	0.20	0.22	0.23
LWFR6               0.82	0.82	1.07	0.33	0.25	0.23	0.21	0.21	0.20	0.20	0.22	0.23
LWFR7               0.82	0.82	1.18	0.33	0.26	0.22	0.21	0.20	0.20	0.20	0.22	0.23
LWFR8               0.82	0.82	1.28	0.33	0.26	0.23	0.21	0.20	0.20	0.21	0.22	0.23
QF23                0.81	0.67	0.48	0.44	0.40	0.32	0.26	0.24	0.30	9.51	107.47	-
QF24                0.81	0.54	0.39	0.35	0.33	0.30	0.26	0.23	0.22	0.21	0.23	0.30
QF26                0.82	0.49	0.37	0.32	0.30	0.28	0.25	0.22	0.22	0.20	0.21	0.23
QF28                0.82	0.48	0.36	0.32	0.30	0.28	0.25	0.22	0.21	0.20	0.22	0.22
QF33                0.82	0.51	0.34	0.28	0.26	0.25	0.23	0.21	0.21	0.20	0.21	0.20
QF34                0.85	0.57	0.34	0.28	0.28	0.23	0.23	0.21	0.21	0.23	0.23	0.23
QF36                0.83	0.57	0.36	0.29	0.27	0.25	0.24	0.22	0.22	0.21	0.22	0.21
QF42                0.82	0.82	0.46	0.30	0.27	0.27	0.24	0.22	0.21	0.20	0.21	0.21
QF43                0.84	0.88	0.36	0.27	0.26	0.22	0.24	0.20	0.20	0.20	0.22	0.22
QF44                0.85	0.82	0.40	0.28	0.25	0.25	0.22	0.21	0.21	0.20	0.20	0.20
QF53                0.85	0.82	0.40	0.26	0.24	0.24	0.22	0.20	0.20	0.19	0.20	0.19
QF62                0.85	0.82	0.46	0.28	0.24	0.24	0.21	0.20	0.20	0.19	0.21	0.19
QF63                0.84	0.81	0.57	0.32	0.26	0.24	0.23	0.21	0.21	0.21	0.22	0.21
QF72                0.85	0.81	0.64	0.30	0.24	0.24	0.21	0.20	0.20	0.19	0.22	0.19
QF82                0.84	0.82	0.84	0.33	0.26	0.25	0.22	0.20	0.20	0.19	0.22	0.19
QLQS                1.21	0.78	0.74	0.57	0.43	0.40	0.32	0.29	0.28	0.26	0.29	0.25
SBNDM-W2            -	-	-	0.73	0.50	0.43	0.34	0.30	0.30	0.28	0.31	0.27
SBNDM-W4            -	-	-	0.80	0.50	0.44	0.34	0.30	0.30	0.28	0.31	0.28
SBNDM-W6            -	-	-	0.78	0.49	0.44	0.34	0.30	0.30	0.28	0.31	0.28
SSM                 1.74	1.05	0.69	0.54	0.39	0.37	0.30	0.27	0.27	0.26	0.28	0.24
TSA                 0.83	0.58	0.39	0.32	0.30	0.24	0.39	0.30	0.30	0.28	0.32	0.29
TSA-Q2              0.84	0.69	0.45	0.36	0.27	0.26	0.34	0.30	0.30	0.28	0.27	0.28
TSO5                0.82	0.48	0.37	0.31	0.25	0.25	0.34	0.30	0.30	0.28	0.27	0.28
TUNEDBM             1.94	1.10	0.75	0.61	0.44	0.42	0.34	0.30	0.29	0.27	0.26	0.25
TVSBS-W2            1.64	1.37	1.19	1.07	0.99	0.93	0.92	0.90	1.02	0.99	0.95	0.95
TVSBS-W4            -	-	-	0.72	0.50	0.38	0.34	0.30	0.30	0.27	0.27	0.27
TVSBS-W6            -	-	-	0.73	0.51	0.38	0.34	0.30	0.30	0.28	0.27	0.27
TVSBS-W8            -	-	-	0.73	0.52	0.38	0.34	0.30	0.30	0.28	0.27	0.28
WFR                 1.02	0.87	0.74	0.53	0.38	0.30	0.26	0.22	0.22	0.20	0.22	0.24
WFR2                1.05	0.58	0.44	0.36	0.32	0.28	0.27	0.21	0.21	0.21	0.22	0.24
WFR3                0.85	0.88	0.44	0.29	0.27	0.24	0.26	0.22	0.21	0.20	0.21	0.24
WFR4                0.85	0.93	0.39	0.28	0.25	0.23	0.24	0.21	0.21	0.20	0.21	0.24
WFR5                0.84	0.82	1.13	0.29	0.25	0.23	0.24	0.21	0.21	0.20	0.21	0.23
WFR6                0.85	0.82	1.18	0.35	0.25	0.23	0.24	0.21	0.21	0.21	0.21	0.23
WFR7                0.85	0.82	1.45	0.35	0.27	0.23	0.24	0.22	0.21	0.21	0.21	0.23
WFR8                0.85	0.82	1.58	0.35	0.26	0.23	0.24	0.22	0.21	0.23	0.21	0.24
WFRQ2               1.06	0.59	0.44	0.37	0.32	0.28	0.27	0.22	0.21	0.23	0.20	0.22
WFRQ3               0.85	0.97	0.45	0.31	0.30	0.25	0.26	0.21	0.21	0.20	0.23	0.23
WFRQ4               0.87	0.97	0.40	0.28	0.25	0.23	0.22	0.21	0.21	0.20	0.20	0.22
WFRQ5               0.87	0.82	1.10	0.29	0.25	0.23	0.21	0.21	0.21	0.20	0.20	0.22
WFRQ6               0.88	0.82	1.26	0.35	0.25	0.23	0.21	0.21	0.21	0.20	0.20	0.22
WFRQ7               0.84	0.82	1.42	0.35	0.26	0.24	0.21	0.21	0.20	0.20	0.20	0.22
WFRQ8               0.82	0.85	1.53	0.34	0.26	0.25	0.21	0.22	0.20	0.20	0.20	0.21
TWFR                0.95	0.91	0.74	0.53	0.39	0.34	0.25	0.22	0.22	0.21	0.22	0.24
TWFR2               0.72	0.49	0.39	0.35	0.32	0.31	0.24	0.22	0.21	0.20	0.22	0.24
TWFR3               0.84	0.81	0.39	0.29	0.29	0.24	0.24	0.21	0.21	0.20	0.24	0.26
TWFR4               0.82	0.84	0.35	0.30	0.24	0.25	0.22	0.21	0.21	0.20	0.21	0.24
TWFR5               0.82	0.82	0.91	0.31	0.24	0.25	0.22	0.20	0.21	0.20	0.21	0.26
TWFR6               0.82	0.83	1.07	0.34	0.25	0.25	0.22	0.20	0.21	0.20	0.20	0.25
TWFR7               0.82	0.84	1.17	0.33	0.26	0.24	0.22	0.20	0.21	0.20	0.21	0.23
TWFR8               0.82	0.84	1.25	0.32	0.26	0.25	0.22	0.20	0.20	0.20	0.21	0.24
TWFRQ2              0.72	0.52	0.39	0.34	0.32	0.30	0.24	0.21	0.21	0.28	0.27	0.28
TWFRQ3              0.81	0.81	0.39	0.29	0.26	0.27	0.23	0.21	0.21	0.20	0.21	0.21
TWFRQ4              0.84	0.87	0.36	0.27	0.27	0.22	0.21	0.20	0.21	0.28	0.31	0.32
TWFRQ5              0.82	0.86	0.94	0.28	0.24	0.25	0.22	0.20	0.21	0.20	0.22	0.21
TWFRQ6              0.85	0.86	1.10	0.33	0.25	0.25	0.21	0.20	0.21	0.19	0.21	0.21
TWFRQ7              0.87	0.84	1.21	0.33	0.25	0.25	0.21	0.20	0.20	0.20	0.21	0.21
TWFRQ8              0.88	0.81	1.28	0.32	0.25	0.25	0.22	0.20	0.20	0.20	0.21	0.21
WC                  1.65	1.49	1.53	1.45	1.60	1.51	1.53	1.51	1.53	1.46	1.62	1.47
WOM                 1.53	1.06	0.81	0.53	0.48	0.36	0.33	0.29	0.28	0.26	0.29	0.25
DOUBLEHASH          1.96	1.23	0.87	0.54	0.50	0.40	0.39	0.41	0.50	0.61	0.95	1.25
BRAM3               0.82	0.81	0.64	0.53	0.54	0.45	0.44	0.41	0.41	0.39	0.44	0.39
BRAM5               0.82	0.82	0.67	0.49	0.50	0.42	0.42	0.39	0.39	0.38	0.40	0.40
BRAM7               0.82	0.82	1.09	0.53	0.50	0.41	0.41	0.39	0.40	0.38	0.39	0.40
FT3                 2.60	1.58	1.11	0.70	0.55	0.44	0.38	0.34	0.33	0.30	0.28	0.28
SSECP               -	-	-	-	-	-	-	-	-	-	-	-
LIBC                0.65	0.50	0.38	0.34	0.32	0.29	0.27	0.24	0.29	0.27	0.27	0.30
MUSL                0.63	0.60	1.10	0.78	0.59	0.45	0.38	0.35	0.32	0.29	0.28	0.32
LIBC1               0.68	0.48	0.37	0.32	0.30	0.28	0.26	0.24	0.28	0.26	0.25	0.27
MUSL1               0.65	0.65	0.97	0.68	0.54	0.38	0.33	0.30	0.30	0.27	0.29	0.29
MUSL2               0.63	0.60	-	0.73	0.48	0.39	0.34	0.31	0.30	0.28	0.27	0.28
SIMDKR              0.28	0.30	0.25	0.28	0.28	0.25	0.25	0.25	0.26	0.26	0.26	0.29
EPSM                0.26	0.29	0.31	0.29	0.25	0.21	0.20	0.21	0.22	0.23	0.27	0.38
HC1                 0.90	0.82	0.70	0.50	0.36	0.29	0.27	0.23	0.22	0.21	0.25	0.36
HC2                 0.73	0.45	0.36	0.32	0.28	0.26	0.26	0.22	0.21	0.21	0.21	0.21
HC3                 -	0.46	0.31	0.27	0.24	0.22	0.24	0.21	0.20	0.20	0.20	0.20
HC4                 -	0.83	0.35	0.30	0.26	0.22	0.21	0.20	0.20	0.20	0.20	0.23
HC5                 -	-	0.37	0.26	0.24	0.21	0.20	0.21	0.20	0.20	0.20	0.20
HC6                 -	-	0.43	0.27	0.24	0.21	0.20	0.21	0.20	0.20	0.20	0.20
HC7                 -	-	0.61	0.29	0.24	0.21	0.21	0.21	0.20	0.20	0.20	0.20
HC8                 -	-	1.07	0.30	0.24	0.21	0.20	0.20	0.20	0.20	0.20	0.20
LHC1                0.93	0.86	0.72	0.50	0.39	0.30	0.26	0.24	0.22	0.21	0.21	0.21
LHC2                0.81	0.49	0.39	0.32	0.31	0.27	0.24	0.23	0.21	0.22	0.21	0.20
LHC3                -	0.54	0.34	0.31	0.28	0.23	0.22	0.22	0.21	0.20	0.20	0.23
LHC4                -	0.88	0.38	0.28	0.25	0.22	0.21	0.21	0.21	0.22	0.20	0.20
LHC5                -	-	0.43	0.31	0.24	0.21	0.21	0.21	0.20	0.22	0.20	0.20
LHC6                -	-	0.54	0.33	0.24	0.22	0.21	0.21	0.20	0.22	0.20	0.20
LHC7                -	-	0.71	0.35	0.27	0.22	0.21	0.21	0.20	0.22	0.20	0.22
LHC8                -	-	1.41	0.37	0.26	0.21	0.20	0.21	0.20	0.21	0.20	0.21
SHC1                0.94	0.84	0.71	0.53	0.38	0.29	0.25	0.23	0.22	0.21	0.26	0.38
SHC2                0.68	0.44	0.35	0.31	0.29	0.26	0.23	0.22	0.21	0.20	0.21	0.22
SHC3                -	0.47	0.32	0.26	0.25	0.23	0.22	0.21	0.21	0.20	0.20	0.21
SHC4                -	0.70	0.34	0.25	0.24	0.22	0.21	0.21	0.20	0.19	0.20	0.21
SHC5                -	-	0.37	0.26	0.24	0.21	0.21	0.21	0.20	0.19	0.20	0.20
SHC6                -	-	0.46	0.27	0.24	0.21	0.21	0.21	0.20	0.19	0.20	0.20
SHC7                -	-	0.63	0.28	0.24	0.21	0.20	0.21	0.20	0.20	0.20	0.20
SHC8                -	-	1.00	0.29	0.24	0.22	0.20	0.21	0.20	0.19	0.20	0.20
FHC1                0.95	0.89	0.81	0.54	0.39	0.30	0.25	0.26	0.22	0.21	0.25	0.37
FHC2                0.73	0.45	0.40	0.32	0.31	0.26	0.23	0.25	0.21	0.20	0.21	0.22
FHC3                -	0.46	0.32	0.30	0.28	0.23	0.22	0.21	0.21	0.23	0.20	0.20
FHC4                -	0.73	0.38	0.25	0.26	0.21	0.21	0.22	0.20	0.19	0.20	0.20
FHC5                -	-	0.40	0.26	0.26	0.21	0.21	0.21	0.20	0.19	0.20	0.20
FHC6                -	-	0.45	0.27	0.26	0.21	0.21	0.20	0.20	0.19	0.20	0.20
FHC7                -	-	0.58	0.28	0.26	0.21	0.21	0.20	0.20	0.19	0.20	0.20
FHC8                -	-	0.99	0.30	0.27	0.21	0.21	0.20	0.20	0.19	0.20	0.20
KRSIMD              0.76	0.64	0.53	0.61	0.60	0.53	0.54	0.55	0.58	0.59	0.61	1.06
