BF                  0.76	0.74	0.72	0.74	0.71	0.72	0.72	0.75	0.74	0.74	0.74	0.71
MP                  1.87	1.79	1.74	1.80	1.71	1.70	1.77	1.86	1.80	1.81	1.74	1.72
KMP                 1.81	1.81	1.77	1.80	1.71	1.71	1.73	1.86	1.78	1.83	1.69	1.70
BM                  1.97	1.13	0.69	0.45	0.33	0.27	0.24	0.25	0.24	0.23	0.23	0.24
HOR                 1.49	0.90	0.56	0.39	0.30	0.26	0.23	0.24	0.24	0.23	0.23	0.23
GS                  1.48	1.55	1.55	1.55	1.48	1.49	1.49	1.55	1.55	1.48	1.47	1.47
AG                  3.01	1.73	1.01	0.63	0.44	0.40	0.35	0.38	0.40	0.54	0.73	1.15
KR                  0.70	0.71	0.70	0.71	0.68	0.68	0.69	0.71	0.71	0.67	0.68	0.68
ZT                  2.73	1.52	0.87	0.60	0.38	0.30	0.26	0.26	0.23	0.21	0.21	-
AC                  1.19	1.28	1.29	1.26	1.24	1.24	1.29	1.29	1.29	1.23	1.23	1.24
TW                  0.66	0.67	0.67	0.65	0.64	0.65	0.68	0.68	0.66	0.64	0.65	0.65
OM                  1.18	0.82	0.56	0.39	0.30	0.26	0.27	0.27	0.25	0.25	0.28	0.33
MS                  1.20	0.83	0.56	0.39	0.30	0.26	0.28	0.28	0.29	0.37	0.67	-
QS                  1.08	0.75	0.52	0.36	0.29	0.25	0.26	0.23	0.23	0.22	0.22	0.23
NSN                 0.58	0.58	0.58	0.55	0.56	0.57	0.56	0.58	0.58	0.56	0.57	0.58
TBM                 2.38	1.30	0.78	0.48	0.36	0.29	0.25	0.25	0.24	0.24	0.24	0.26
COLUSSI             1.93	1.96	1.97	1.87	1.87	1.85	1.86	1.97	1.96	1.90	1.87	1.97
SMITH               1.51	1.02	0.66	0.43	0.32	0.26	0.23	0.22	0.23	0.23	0.22	0.23
GG                  2.13	2.25	2.26	2.15	2.17	2.11	2.15	2.26	2.26	2.26	2.13	2.26
RAITA               1.53	0.90	0.56	0.40	0.30	0.26	0.24	0.24	0.24	0.24	0.23	0.24
SMOA                0.99	1.03	1.03	1.03	1.01	0.98	1.03	1.03	1.03	1.03	0.99	1.03
RCOLUSSI            -	-	-	-	-	-	-	-	-	-	-	-
SKIP                0.47	0.37	0.31	0.28	0.26	0.25	0.24	0.23	0.23	0.24	0.26	0.33
KMPSKIP             0.40	0.34	0.32	0.28	0.26	0.26	0.25	0.23	0.25	0.22	0.21	0.24
ASKIP               0.47	0.41	0.34	0.33	0.33	0.42	0.63	1.07	2.21	4.61	9.80	19.62
BR                  1.41	1.11	0.68	0.49	0.35	0.29	0.25	0.24	0.23	0.21	0.20	0.19
AKC                 4.13	2.27	1.21	0.77	0.51	1.21	0.91	0.68	0.71	0.62	0.51	0.58
FS                  1.36	0.87	0.49	0.37	0.28	0.25	0.24	0.23	0.23	0.23	0.23	0.24
FFS                 1.35	0.86	0.50	0.36	0.27	0.24	0.23	0.23	0.23	0.25	0.26	-
BFS                 1.36	0.79	0.50	0.36	0.28	0.25	0.23	0.23	0.23	0.25	0.26	0.27
TS                  0.51	0.47	0.49	0.48	0.41	0.38	0.37	0.31	0.25	0.27	0.33	0.46
SSABS               1.14	0.75	0.54	0.39	0.30	0.26	0.25	0.24	0.23	0.24	0.24	0.23
TVSBS               1.35	0.94	0.68	0.48	0.40	0.29	0.25	0.24	0.23	0.22	0.21	-
PBMH                1.76	0.90	0.58	0.40	0.30	0.25	0.26	0.32	0.57	1.64	5.91	20.83
FJS                 1.10	0.72	0.56	0.38	0.30	0.26	0.24	0.23	0.23	0.24	0.27	0.23
HASH3               0.86	1.70	0.80	0.44	0.31	0.26	0.23	0.24	0.23	0.23	0.26	0.22
HASH5               0.82	0.82	1.19	0.51	0.33	0.26	0.24	0.26	0.23	0.23	0.26	0.23
HASH8               0.82	0.81	4.04	0.72	0.37	0.28	0.26	0.26	0.23	0.24	0.23	0.23
TSW                 0.85	0.63	0.46	0.39	0.28	0.25	0.23	0.24	0.21	0.20	0.20	0.20
GRASPM              1.32	0.76	0.49	0.40	0.28	0.25	0.23	0.22	0.22	0.25	0.22	0.23
SSEF                0.82	0.82	0.82	0.87	0.26	0.24	0.23	0.23	0.23	0.27	0.27	0.35
AUT                 1.78	1.80	1.77	1.88	1.76	1.78	1.87	1.90	1.98	2.42	2.59	3.38
RF                  0.55	0.39	0.32	0.28	0.27	0.29	0.33	0.39	0.54	0.86	1.47	2.69
TRF                 0.77	0.52	0.39	0.32	0.29	0.35	0.40	0.50	0.74	1.21	2.14	4.05
SIMON               1.08	1.09	1.08	1.07	1.09	1.07	1.14	1.08	1.09	1.10	1.13	1.15
FDM                 1.26	1.40	1.55	1.86	2.47	3.60	3.78	2.39	2.15	2.89	4.00	6.56
BOM                 0.80	0.63	0.64	0.69	0.75	0.84	0.66	0.47	0.38	0.37	0.45	0.71
BOM2                0.63	0.45	0.35	0.32	0.27	0.26	0.27	0.28	0.36	0.54	0.86	1.49
DFDM                1.39	1.55	1.71	2.10	2.58	3.61	3.81	2.50	2.31	3.04	4.27	7.12
WW                  0.87	0.57	0.40	0.34	0.28	0.33	0.38	0.50	0.81	1.36	2.72	4.63
LDM                 1.14	1.03	1.07	1.31	1.58	1.85	2.14	2.26	2.71	3.53	5.03	7.19
ILDM1               0.59	0.43	0.34	0.30	0.27	0.34	0.42	0.55	0.93	1.68	2.99	5.55
ILDM2               0.73	0.52	0.38	0.32	0.28	0.35	0.44	0.56	0.93	1.62	2.99	5.44
EBOM                0.63	0.37	0.27	0.24	0.23	0.23	0.28	0.29	0.38	0.56	0.91	1.55
FBOM                1.77	1.19	0.74	0.51	0.38	0.31	0.33	0.33	0.41	0.58	0.93	1.57
SEBOM               0.65	0.39	0.27	0.25	0.23	0.23	0.28	0.29	0.39	0.56	0.91	1.54
SFBOM               1.84	1.24	0.75	0.52	0.38	0.32	0.33	0.33	0.40	0.58	0.92	1.55
SKIP2               0.64	0.38	0.28	0.25	0.22	0.21	0.24	0.21	0.22	0.24	0.25	0.29
SKIP3               0.81	0.48	0.29	0.25	0.22	0.21	0.23	0.20	0.22	0.25	0.25	0.30
SKIP4               0.82	0.86	0.33	0.26	0.22	0.21	0.21	0.20	0.21	0.24	0.25	0.29
SKIP5               0.82	0.85	0.35	0.26	0.22	0.21	0.20	0.20	0.21	0.24	0.25	0.29
SKIP6               0.82	0.84	0.46	0.28	0.24	0.21	0.21	0.20	0.21	0.22	0.25	0.29
SKIP7               0.82	0.84	0.68	0.31	0.25	0.22	0.21	0.21	0.21	0.22	0.25	0.29
SKIP8               0.82	0.84	1.30	0.34	0.26	0.22	0.22	0.21	0.22	0.22	0.25	0.30
SO                  0.64	0.64	0.62	0.64	0.65	0.61	0.60	0.61	0.63	0.61	0.63	0.60
SA                  0.86	0.85	0.84	0.85	0.85	0.80	0.79	0.80	0.82	0.79	0.83	0.80
BNDM                0.51	0.38	0.32	0.28	0.26	0.26	0.26	0.25	0.26	0.26	0.26	0.26
BNDML               0.51	0.38	0.32	0.28	0.26	0.28	0.25	0.23	0.24	0.26	0.37	0.70
SBNDM               0.86	0.42	0.30	0.24	0.22	0.25	0.25	0.25	0.26	0.25	0.26	0.25
TNDM                0.48	0.37	0.31	0.28	0.26	0.26	0.25	0.26	0.27	0.26	0.26	0.25
TNDMA               0.64	0.44	0.35	0.31	0.28	0.27	0.27	0.28	0.27	0.27	0.27	0.27
LBNDM               0.56	0.43	0.33	0.29	0.27	0.24	0.22	0.21	0.19	0.20	0.20	0.19
SVM0                1.86	1.15	0.64	0.43	0.34	0.32	0.34	0.34	0.33	0.32	0.34	0.32
SVM1                0.67	0.64	0.58	0.55	0.52	0.51	0.52	0.56	0.52	0.51	0.52	0.51
SVM2                3.08	1.65	0.89	0.57	0.41	0.39	0.40	0.45	0.41	0.39	0.40	0.39
SVM3                2.65	1.35	0.83	0.54	0.41	0.38	0.39	0.44	0.39	0.38	0.39	0.38
SVM4                2.45	1.32	0.84	0.54	0.43	0.41	0.42	0.46	0.42	0.40	0.42	0.40
SBNDM2              0.62	0.35	0.29	0.23	0.21	0.20	0.21	0.23	0.21	0.21	0.21	0.20
SBNDM-BMH           0.97	0.56	0.44	0.32	0.28	0.27	0.28	0.30	0.28	0.28	0.28	0.27
BMH-SBNDM           1.56	0.84	0.59	0.38	0.30	0.28	0.30	0.28	0.30	0.29	0.29	0.28
FNDM                0.53	0.41	0.37	0.29	0.26	0.25	0.26	0.26	0.26	0.26	0.26	0.25
BWW                 0.92	0.62	0.47	0.35	0.29	0.29	0.29	0.29	0.30	0.30	0.29	0.29
FAOSO2              0.82	0.47	0.50	0.47	0.48	0.47	0.48	0.47	0.48	0.49	0.48	0.47
FAOSO4              0.82	0.84	0.36	0.35	0.34	0.33	0.34	0.33	0.34	0.34	0.35	0.33
FAOSO6              0.81	0.83	0.37	0.30	0.29	0.28	0.30	0.28	0.29	0.29	0.32	0.28
AOSO2               0.82	0.56	0.54	0.56	0.59	0.55	0.57	0.54	0.56	0.56	0.59	0.54
AOSO4               0.81	0.85	0.37	0.38	0.41	0.36	0.36	0.37	0.38	0.38	0.41	0.36
AOSO6               0.81	0.84	0.38	0.35	0.33	0.31	0.31	0.31	0.32	0.31	0.35	0.31
BLIM                0.88	0.96	0.91	0.98	0.98	1.24	1.70	2.39	4.56	9.83	19.44	37.08
FSBNDM              0.44	0.35	0.25	0.24	0.21	0.21	0.21	0.21	0.21	0.21	0.20	0.20
BNDMQ2              0.71	0.41	0.27	0.25	0.21	0.21	0.21	0.20	0.21	0.21	0.21	0.20
BNDMQ4              0.83	0.99	0.35	0.28	0.22	0.22	0.22	0.22	0.23	0.22	0.22	0.22
BNDMQ6              0.85	0.88	0.61	0.31	0.24	0.24	0.24	0.24	0.24	0.24	0.24	0.24
SBNDMQ2             0.63	0.33	0.26	0.23	0.24	0.20	0.20	0.21	0.21	0.21	0.21	0.20
SBNDMQ4             0.85	0.97	0.34	0.25	0.23	0.22	0.22	0.22	0.22	0.23	0.22	0.22
SBNDMQ6             0.82	0.87	0.63	0.31	0.27	0.23	0.24	0.24	0.24	0.24	0.24	0.24
SBNDMQ8             0.82	0.86	1.84	0.38	0.30	0.25	0.25	0.25	0.26	0.26	0.25	0.25
UFNDMQ2             1.21	1.07	0.95	0.92	0.96	0.88	0.88	0.91	0.91	0.90	0.90	0.89
UFNDMQ4             0.82	1.09	0.98	0.96	0.97	0.91	0.90	0.92	0.92	0.92	0.89	0.90
UFNDMQ6             0.82	0.81	1.02	1.01	0.95	0.90	0.91	0.92	0.92	0.93	0.92	0.92
UFNDMQ8             0.84	0.82	1.04	1.01	0.95	0.94	0.94	0.94	0.95	0.98	0.93	0.96
SABP                1.05	0.71	0.55	0.48	0.39	0.38	0.38	0.38	0.39	0.43	0.40	0.38
DBWW                0.64	0.44	0.35	0.33	0.27	0.27	0.25	0.22	0.24	0.26	0.24	0.24
DBWW2               0.64	0.43	0.34	0.34	0.27	0.27	0.25	0.23	0.24	0.26	0.24	0.24
KSA                 1.12	1.07	1.04	1.12	1.12	1.07	1.07	1.08	1.12	1.13	1.08	1.08
KBNDM               1.26	0.70	0.45	0.37	0.27	0.23	0.22	0.21	0.21	0.23	0.20	0.20
BSDM                0.41	0.32	0.28	0.30	0.27	0.26	0.25	0.25	0.28	0.26	0.26	0.25
BSDM2               0.55	0.32	0.25	0.26	0.23	0.21	0.22	0.21	0.24	0.21	0.21	0.21
BSDM3               0.85	0.41	0.28	0.26	0.22	0.21	0.23	0.21	0.23	0.21	0.20	0.21
BSDM4               0.85	0.77	0.32	0.28	0.23	0.21	0.23	0.21	0.22	0.22	0.20	0.21
BSDM5               0.85	0.82	0.36	0.29	0.23	0.21	0.23	0.21	0.21	0.23	0.21	0.22
BSDM6               0.85	0.82	0.45	0.31	0.26	0.22	0.23	0.21	0.21	0.22	0.20	0.22
BSDM7               0.84	0.82	0.65	0.33	0.27	0.22	0.24	0.21	0.21	0.21	0.20	0.21
BSDM8               0.84	0.84	1.26	0.36	0.28	0.23	0.24	0.21	0.22	0.21	0.20	0.22
BXS                 0.45	0.35	0.28	0.30	0.28	0.26	0.28	0.26	0.28	0.26	0.25	0.26
BXS1                0.43	0.33	0.29	0.30	0.29	0.24	0.24	0.20	0.22	0.20	0.20	0.20
BXS2                0.83	0.33	0.26	0.23	0.23	0.20	0.20	0.20	0.21	0.21	0.21	0.21
BXS3                0.81	0.50	0.31	0.27	0.24	-	-	-	-	-	-	-
BXS4                0.82	0.91	0.34	0.28	0.25	0.22	0.24	0.22	0.24	0.22	0.21	0.22
BXS6                0.82	0.87	0.56	0.34	0.25	0.24	0.27	0.24	0.27	0.24	0.23	0.24
BXS8                0.82	0.84	1.64	0.40	0.26	0.26	0.29	0.26	0.29	0.26	0.25	0.26
FS-W1               1.32	0.77	0.50	0.40	0.28	0.26	0.26	0.23	0.26	0.24	0.23	0.25
FS-W2               0.78	0.50	0.35	0.32	0.24	0.24	0.22	0.22	0.24	0.22	0.22	0.24
FS-W4               1.18	0.38	0.32	0.32	0.27	0.28	0.25	0.26	0.26	0.24	0.24	0.26
FS-W6               1.18	0.39	0.32	0.29	0.27	0.27	0.26	0.26	0.26	0.24	0.24	0.25
FS-W8               1.18	0.39	0.33	0.29	0.31	0.27	0.25	0.24	0.24	0.24	0.25	0.24
FSBNDM-W1           0.93	0.57	0.38	0.29	0.25	0.26	0.29	0.29	0.25	0.26	0.25	0.29
FSBNDM-W2           0.60	0.39	0.30	0.25	0.22	0.23	0.26	0.26	0.23	0.24	0.23	0.26
FSBNDM-W4           1.18	0.38	0.32	0.29	0.27	0.27	0.29	0.24	0.23	0.24	0.24	0.28
FSBNDM-W6           1.17	0.40	0.33	0.30	0.29	0.27	0.25	0.24	0.24	0.24	0.24	0.25
FSBNDM-W8           1.28	0.38	0.32	0.32	0.28	0.27	0.28	0.23	0.23	0.24	0.24	0.27
FSBNDMQ20           0.60	0.35	0.26	0.24	0.21	0.20	0.20	0.21	0.21	0.21	0.21	0.20
FSBNDMQ21           0.46	0.31	0.25	0.22	0.21	0.21	0.23	0.21	0.21	0.21	0.20	0.21
FSBNDMQ31           0.84	0.39	0.28	0.24	0.21	0.22	0.24	0.21	0.21	0.22	0.21	0.22
FSBNDMQ32           1.19	0.38	0.32	0.29	0.27	0.28	0.28	0.24	0.23	0.24	0.23	0.26
FSBNDMQ41           0.81	0.57	0.33	0.25	0.21	0.22	0.22	0.22	0.22	0.22	0.22	0.21
FSBNDMQ42           1.18	0.38	0.32	0.29	0.27	0.27	0.28	0.24	0.23	0.24	0.24	0.26
FSBNDMQ43           1.19	0.38	0.32	0.29	0.27	0.27	0.28	0.24	0.23	0.24	0.24	0.26
FSBNDMQ61           0.82	0.82	0.47	0.29	0.23	0.24	0.27	0.24	0.24	0.24	0.25	0.24
FSBNDMQ62           1.18	0.39	0.32	0.29	0.27	0.27	0.28	0.24	0.23	0.24	0.25	0.27
FSBNDMQ64           1.19	0.40	0.32	0.29	0.28	0.27	0.28	0.24	0.23	0.24	0.25	0.26
FSBNDMQ81           0.82	0.82	0.96	0.35	0.26	0.26	0.29	0.28	0.26	0.27	0.26	0.25
FSBNDMQ82           1.18	0.38	0.33	0.29	0.30	0.28	0.27	0.26	0.23	0.27	0.25	0.25
FSBNDMQ84           1.19	0.38	0.33	0.29	0.31	0.28	0.25	0.26	0.23	0.27	0.24	0.25
FSBNDMQ86           1.18	0.38	0.33	0.28	0.31	0.28	0.26	0.26	0.23	0.27	0.24	0.25
IOM                 1.07	0.74	0.55	0.38	0.34	0.27	0.23	0.26	0.23	0.27	0.24	0.23
JOM                 1.47	0.96	0.71	0.46	0.40	0.29	0.25	0.26	0.23	0.24	0.21	0.21
LWFR2               0.60	0.35	0.30	0.24	0.25	0.22	0.21	0.23	0.20	0.23	0.21	0.22
LWFR3               0.81	0.73	0.34	0.25	0.24	0.21	0.20	0.22	0.20	0.23	0.22	0.22
LWFR4               0.81	0.84	0.34	0.25	0.22	0.20	0.20	0.20	0.20	0.20	0.21	0.23
LWFR5               0.82	0.82	0.92	0.27	0.24	0.24	0.21	0.23	0.20	0.23	0.21	0.22
LWFR6               0.81	0.81	1.05	0.34	0.24	0.24	0.21	0.23	0.20	0.23	0.21	0.23
LWFR7               0.82	0.82	1.19	0.34	0.25	0.24	0.21	0.23	0.20	0.23	0.22	0.23
LWFR8               0.81	0.82	1.24	0.33	0.25	0.22	0.21	0.23	0.20	0.23	0.21	0.23
QF23                0.82	0.53	0.37	0.34	0.33	0.29	0.26	0.28	23.76	86.93	178.00	-
QF24                0.82	0.39	0.29	0.26	0.24	0.23	0.22	0.24	0.21	0.20	5.23	-
QF26                0.82	0.34	0.25	0.23	0.22	0.20	0.20	0.22	0.19	0.18	0.20	0.19
QF28                0.82	0.35	0.26	0.24	0.22	0.20	0.20	0.22	0.20	0.19	0.20	0.20
QF33                0.81	0.44	0.28	0.25	0.23	0.21	0.21	0.23	0.20	0.20	0.20	0.20
QF34                0.81	0.51	0.31	0.24	0.21	0.20	0.20	0.20	0.20	0.20	0.20	0.19
QF36                0.81	0.69	0.37	0.29	0.25	0.22	0.22	0.22	0.21	0.21	0.21	0.20
QF42                0.82	0.82	0.39	0.28	0.25	0.23	0.22	0.21	0.21	0.20	0.21	3.78
QF43                0.82	0.84	0.33	0.24	0.22	0.21	0.20	0.20	0.19	0.20	0.20	0.19
QF44                0.82	0.85	0.36	0.27	0.24	0.22	0.20	0.19	0.19	0.19	0.20	0.20
QF53                0.83	0.84	0.38	0.26	0.23	0.21	0.20	0.19	0.19	0.19	0.20	0.20
QF62                0.85	0.84	0.44	0.28	0.23	0.21	0.20	0.19	0.19	0.19	0.20	0.22
QF63                0.84	0.84	0.65	0.34	0.27	0.24	0.22	0.22	0.20	0.21	0.21	0.21
QF72                0.84	0.85	0.64	0.29	0.24	0.22	0.21	0.20	0.19	0.19	0.20	0.19
QF82                0.85	0.84	0.85	0.32	0.25	0.23	0.22	0.20	0.19	0.20	0.20	0.19
QLQS                0.66	0.43	0.33	0.31	0.27	0.26	0.24	0.22	0.22	0.21	0.22	0.21
SBNDM-W2            1.22	0.39	0.33	0.31	0.28	0.27	0.26	0.24	0.24	0.23	0.24	0.24
SBNDM-W4            1.22	0.39	0.33	0.29	0.28	0.28	0.26	0.24	0.24	0.23	0.25	0.25
SBNDM-W6            1.23	0.39	0.33	0.32	0.28	0.27	0.25	0.24	0.24	0.23	0.24	0.24
SSM                 1.40	0.82	0.52	0.41	0.30	0.27	0.24	0.24	0.23	0.22	0.23	0.23
TSA                 0.73	0.48	0.34	0.26	0.23	0.21	0.26	0.24	0.24	0.24	0.25	0.25
TSA-Q2              0.85	0.69	0.42	0.32	0.25	0.22	0.26	0.24	0.25	0.23	0.25	0.26
TSO5                0.74	0.47	0.34	0.26	0.25	0.22	0.26	0.24	0.26	0.24	0.25	0.26
TUNEDBM             1.58	0.90	0.56	0.38	0.34	0.26	0.24	0.23	0.26	0.23	0.23	0.23
TVSBS-W2            1.53	1.32	1.14	1.01	0.95	0.93	0.91	1.01	1.02	0.93	0.93	0.93
TVSBS-W4            1.22	0.39	0.33	0.29	0.28	0.28	0.26	0.23	0.26	0.23	0.24	0.26
TVSBS-W6            1.22	0.39	0.33	0.29	0.27	0.28	0.26	0.24	0.24	0.23	0.24	0.26
TVSBS-W8            1.22	0.39	0.33	0.29	0.28	0.27	0.27	0.24	0.23	0.23	0.24	0.27
WFR                 0.48	0.37	0.31	0.27	0.27	0.25	0.22	0.22	0.20	0.20	0.21	0.24
WFR2                0.85	0.44	0.32	0.26	0.23	0.22	0.21	0.21	0.20	0.20	0.21	0.25
WFR3                0.84	0.88	0.38	0.25	0.22	0.22	0.20	0.21	0.20	0.20	0.21	0.25
WFR4                0.84	0.97	0.36	0.25	0.22	0.21	0.20	0.22	0.19	0.20	0.21	0.25
WFR5                0.85	0.85	1.13	0.28	0.24	0.22	0.20	0.22	0.21	0.20	0.21	0.25
WFR6                0.85	0.84	1.22	0.34	0.24	0.23	0.20	0.23	0.20	0.20	0.21	0.25
WFR7                0.85	0.87	1.45	0.35	0.25	0.25	0.21	0.23	0.20	0.20	0.21	0.25
WFR8                0.84	0.86	1.58	0.34	0.26	0.25	0.21	0.23	0.20	0.20	0.21	0.25
WFRQ2               0.85	0.46	0.32	0.26	0.23	0.24	0.21	0.23	0.20	0.19	0.21	0.22
WFRQ3               0.82	0.87	0.38	0.25	0.23	0.21	0.21	0.21	0.20	0.20	0.20	0.20
WFRQ4               0.81	0.95	0.37	0.26	0.22	0.22	0.20	0.23	0.20	0.20	0.23	0.21
WFRQ5               0.83	0.82	1.10	0.28	0.23	0.22	0.21	0.23	0.20	0.19	0.22	0.21
WFRQ6               0.83	0.81	1.27	0.34	0.24	0.22	0.21	0.23	0.20	0.20	0.23	0.21
WFRQ7               0.82	0.82	1.38	0.34	0.25	0.23	0.21	0.23	0.20	0.19	0.23	0.21
WFRQ8               0.82	0.81	1.54	0.34	0.25	0.23	0.21	0.23	0.20	0.19	0.22	0.21
TWFR                0.44	0.35	0.30	0.26	0.26	0.25	0.23	0.24	0.21	0.20	0.24	0.22
TWFR2               0.58	0.35	0.28	0.23	0.23	0.22	0.21	0.23	0.21	0.20	0.24	0.23
TWFR3               0.81	0.75	0.35	0.24	0.22	0.20	0.23	0.20	0.20	0.21	0.21	0.22
TWFR4               0.82	0.81	0.34	0.24	0.23	0.21	0.20	0.22	0.20	0.20	0.21	0.23
TWFR5               0.85	0.86	0.95	0.26	0.23	0.22	0.20	0.22	0.20	0.20	0.20	0.22
TWFR6               0.85	0.86	1.11	0.32	0.24	0.22	0.20	0.20	0.20	0.20	0.20	0.23
TWFR7               0.85	0.86	1.24	0.32	0.26	0.22	0.21	0.20	0.20	0.20	0.20	0.23
TWFR8               0.85	0.86	1.28	0.32	0.25	0.23	0.21	0.20	0.20	0.20	0.21	0.23
TWFRQ2              0.64	0.38	0.28	0.24	0.23	0.22	0.21	0.20	0.20	0.24	0.24	0.26
TWFRQ3              0.89	0.73	0.35	0.25	0.23	0.22	0.20	0.20	0.21	0.20	0.20	0.21
TWFRQ4              0.81	0.84	0.33	0.24	0.22	0.21	0.23	0.20	0.20	0.24	0.25	0.25
TWFRQ5              0.87	0.82	0.96	0.28	0.24	0.22	0.20	0.20	0.22	0.19	0.19	0.21
TWFRQ6              0.87	0.82	1.10	0.36	0.24	0.22	0.20	0.20	0.21	0.19	0.20	0.21
TWFRQ7              0.87	0.82	1.23	0.36	0.25	0.22	0.20	0.21	0.20	0.19	0.20	0.21
TWFRQ8              0.87	0.81	1.28	0.35	0.25	0.22	0.20	0.21	0.20	0.19	0.20	0.21
WC                  1.19	1.16	1.19	1.15	1.19	1.17	1.15	1.19	1.27	1.15	1.15	1.19
WOM                 1.15	0.78	0.55	0.38	0.31	0.27	0.23	0.23	0.25	0.22	0.22	0.24
DOUBLEHASH          1.61	0.91	0.59	0.39	0.31	0.27	0.23	0.23	0.26	0.23	0.25	0.29
BRAM3               0.82	0.76	0.53	0.44	0.43	0.41	0.39	0.39	0.39	0.39	0.39	0.40
BRAM5               0.82	0.84	0.63	0.47	0.44	0.41	0.39	0.39	0.38	0.37	0.39	0.40
BRAM7               0.82	0.84	1.09	0.53	0.45	0.45	0.39	0.39	0.38	0.38	0.38	0.40
FT3                 2.37	1.32	-	0.49	-	-	-	-	-	-	-	-
SSECP               -	-	-	-	-	-	-	-	-	-	-	-
LIBC                0.63	0.39	0.30	0.26	0.25	0.27	0.23	0.23	0.22	0.22	0.22	0.24
MUSL                0.62	0.62	0.42	0.37	0.35	0.35	0.28	0.26	0.24	0.23	0.23	0.26
LIBC1               0.62	0.40	0.28	0.25	0.24	0.25	0.22	0.23	0.23	0.22	0.22	0.27
MUSL1               0.59	0.62	0.32	0.29	0.26	0.26	0.28	0.24	0.23	0.23	0.24	0.23
MUSL2               0.60	0.64	0.33	0.29	0.28	0.31	0.25	0.24	0.23	0.23	0.24	0.29
SIMDKR              0.21	0.21	0.21	0.22	0.21	0.20	0.23	0.21	0.21	0.21	0.21	0.21
EPSM                0.24	0.27	0.29	0.26	0.21	0.21	0.21	0.21	0.22	0.23	0.26	0.34
HC1                 0.41	0.36	0.29	0.26	0.25	0.27	0.21	0.20	0.19	0.19	0.19	0.19
HC2                 0.65	0.35	0.27	0.23	0.22	0.23	0.20	0.20	0.19	0.19	0.19	0.19
HC3                 -	0.42	0.28	0.23	0.22	0.23	0.20	0.20	0.19	0.19	0.19	0.20
HC4                 -	0.85	0.33	0.25	0.22	0.21	0.20	0.20	0.20	0.20	0.22	0.20
HC5                 -	-	0.37	0.25	0.22	0.22	0.21	0.20	0.19	0.19	0.19	0.20
HC6                 -	-	0.44	0.26	0.23	0.22	0.20	0.20	0.19	0.20	0.20	0.20
HC7                 -	-	0.63	0.28	0.24	0.22	0.20	0.20	0.20	0.19	0.19	0.20
HC8                 -	-	1.10	0.30	0.24	0.22	0.20	0.20	0.19	0.19	0.20	0.20
LHC1                0.42	0.32	0.30	0.26	0.26	0.25	0.22	0.21	0.20	0.19	0.19	0.21
LHC2                0.74	0.37	0.28	0.23	0.22	0.21	0.20	0.20	0.20	0.20	0.19	0.20
LHC3                -	0.51	0.31	0.25	0.22	0.21	0.20	0.20	0.20	0.20	0.22	0.21
LHC4                -	0.86	0.34	0.25	0.23	0.22	0.20	0.20	0.20	0.19	0.20	0.22
LHC5                -	-	0.42	0.26	0.23	0.22	0.20	0.20	0.20	0.19	0.20	0.23
LHC6                -	-	0.52	0.28	0.24	0.22	0.20	0.20	0.20	0.19	0.20	0.23
LHC7                -	-	0.73	0.31	0.23	0.21	0.21	0.21	0.20	0.20	0.22	0.23
LHC8                -	-	1.41	0.33	0.25	0.23	0.20	0.21	0.19	0.19	0.20	0.21
SHC1                0.45	0.35	0.30	0.27	0.25	0.26	0.21	0.20	0.19	0.19	0.19	0.20
SHC2                0.59	0.33	0.26	0.22	0.22	0.23	0.20	0.21	0.19	0.19	0.19	0.22
SHC3                -	0.42	0.29	0.23	0.22	0.23	0.20	0.22	0.19	0.19	0.19	0.22
SHC4                -	0.68	0.31	0.24	0.22	0.23	0.20	0.22	0.19	0.19	0.20	0.22
SHC5                -	-	0.35	0.24	0.23	0.24	0.21	0.22	0.19	0.19	0.19	0.22
SHC6                -	-	0.44	0.26	0.23	0.24	0.21	0.20	0.19	0.19	0.20	0.22
SHC7                -	-	0.62	0.28	0.24	0.24	0.21	0.21	0.19	0.19	0.19	0.20
SHC8                -	-	0.98	0.29	0.24	0.24	0.21	0.21	0.20	0.20	0.19	0.20
FHC1                0.41	0.32	0.29	0.26	0.29	0.27	0.22	0.20	0.19	0.19	0.19	0.20
FHC2                0.66	0.35	0.27	0.22	0.24	0.23	0.22	0.20	0.19	0.19	0.20	0.20
FHC3                -	0.43	0.28	0.25	0.21	0.20	0.20	0.20	0.20	0.20	0.21	0.22
FHC4                -	0.71	0.32	0.24	0.24	0.23	0.23	0.20	0.20	0.19	0.19	0.20
FHC5                -	-	0.36	0.25	0.25	0.24	0.23	0.20	0.20	0.20	0.19	0.20
FHC6                -	-	0.43	0.26	0.23	0.24	0.23	0.20	0.20	0.20	0.19	0.20
FHC7                -	-	0.59	0.28	0.23	0.23	0.23	0.20	0.20	0.20	0.19	0.20
FHC8                -	-	1.03	0.30	0.23	0.21	0.23	0.21	0.20	0.20	0.19	0.20
KRSIMD              0.52	0.59	0.60	0.59	0.53	0.53	0.58	0.59	0.58	0.59	0.61	1.00
