BF                  3.32	3.23	3.27	3.40	3.21	3.38	3.35	3.35	3.36	3.18	3.19	3.23
MP                  3.58	3.51	3.48	3.66	3.49	3.64	3.64	3.63	3.62	3.47	3.46	3.47
KMP                 3.54	3.39	3.40	3.55	3.35	3.53	3.53	3.52	3.54	3.39	3.33	3.35
BM                  3.59	3.08	2.47	1.90	1.42	1.20	0.98	0.83	0.74	0.65	0.62	0.54
HOR                 3.44	3.02	2.99	3.42	3.29	3.62	3.54	3.57	3.48	3.32	3.38	3.45
GS                  4.75	4.37	4.38	4.42	4.33	4.60	4.54	4.55	4.33	4.33	4.34	4.38
AG                  5.72	4.36	3.46	2.53	1.96	1.86	1.77	1.86	2.00	2.54	3.48	5.29
KR                  2.45	1.08	0.71	0.69	0.67	0.70	0.71	0.70	0.68	0.68	0.68	0.69
ZT                  3.64	2.68	2.12	1.57	1.21	1.05	0.86	0.74	0.64	0.59	0.55	-
AC                  3.53	2.94	2.53	2.50	2.49	2.63	2.62	2.62	2.68	2.51	2.54	2.60
TW                  3.19	2.81	2.63	2.54	2.60	2.73	2.78	2.81	2.81	2.71	2.73	2.83
OM                  2.88	2.59	2.03	1.50	1.19	0.99	0.84	0.74	0.69	0.73	1.19	-
MS                  2.90	2.61	2.19	1.65	1.39	1.23	1.10	1.01	0.97	1.02	1.51	-
QS                  3.20	3.23	3.37	3.56	3.53	3.56	3.65	3.70	3.67	3.50	3.60	3.67
NSN                 3.00	3.09	2.98	2.95	2.95	2.93	3.04	3.05	3.04	2.93	2.92	3.03
TBM                 3.86	3.27	2.53	1.86	1.45	1.26	1.03	0.90	0.78	0.69	0.67	0.58
COLUSSI             3.73	3.37	2.95	2.83	2.82	2.87	2.97	2.97	3.03	2.83	2.90	2.90
SMITH               3.43	2.21	1.81	1.70	1.70	1.64	1.64	1.66	1.65	1.60	1.59	1.62
GG                  3.24	3.46	3.12	2.99	2.97	2.99	3.15	3.15	3.20	3.00	3.08	3.07
RAITA               3.62	3.17	3.01	3.06	3.30	3.31	3.52	3.56	3.55	3.36	3.38	3.41
SMOA                4.20	4.17	4.08	4.15	4.15	4.20	4.40	4.35	4.38	4.18	4.15	4.16
RCOLUSSI            1.96	-	-	-	-	-	-	-	-	-	-	-
SKIP                3.05	2.96	2.91	2.96	2.92	2.83	2.93	2.92	2.84	2.84	2.83	2.89
KMPSKIP             3.62	3.20	3.05	3.14	3.28	3.41	3.67	3.73	3.58	3.68	3.59	3.62
ASKIP               4.27	2.88	1.54	0.98	0.66	0.51	0.46	0.49	0.66	0.95	1.64	3.03
BR                  2.92	2.91	2.79	2.95	2.73	2.84	2.78	2.85	2.69	2.71	2.78	2.73
AKC                 6.20	5.05	3.78	2.76	-	-	-	-	-	-	-	4.39
FS                  3.31	2.61	2.06	1.54	1.18	1.02	0.83	0.73	0.63	0.57	0.55	0.49
FFS                 2.75	2.34	1.80	1.24	0.91	0.77	0.62	0.53	0.45	0.41	0.41	-
BFS                 3.23	2.76	2.19	1.61	1.24	1.09	0.89	0.77	0.64	0.59	0.59	0.60
TS                  3.02	2.62	2.14	1.78	1.63	1.51	1.38	1.27	1.14	1.07	1.02	0.97
SSABS               2.78	2.98	3.28	3.60	3.49	3.85	3.80	3.85	3.62	3.65	3.76	3.63
TVSBS               2.81	2.70	2.60	2.79	2.83	2.87	2.78	2.65	2.83	2.84	2.91	-
PBMH                3.87	3.32	3.57	3.60	3.87	3.95	3.88	3.97	3.98	4.77	7.95	20.94
FJS                 2.95	2.91	3.30	3.70	3.72	3.91	3.87	3.91	3.66	3.67	3.75	3.72
HASH3               0.82	2.32	1.25	0.91	0.85	0.85	0.83	0.84	0.81	0.83	0.83	0.83
HASH5               0.83	0.84	1.22	0.60	0.43	0.37	0.34	0.34	0.34	0.33	0.34	0.34
HASH8               0.83	0.85	4.30	0.67	0.39	0.30	0.25	0.24	0.24	0.24	0.24	0.24
TSW                 2.23	2.38	2.27	2.16	2.15	2.16	2.12	2.16	2.14	2.09	2.08	2.17
GRASPM              3.26	2.91	2.55	2.17	2.11	1.97	1.84	1.79	1.77	1.71	1.73	1.78
SSEF                0.82	0.85	0.85	0.82	2.57	2.55	2.51	2.53	2.61	2.77	3.99	9.19
AUT                 1.79	1.84	1.81	1.82	1.83	1.84	1.87	1.94	2.05	2.20	2.54	3.55
RF                  4.03	3.18	1.88	1.13	0.78	0.62	0.54	0.53	0.65	0.95	1.53	2.97
TRF                 4.18	3.51	2.17	1.41	0.97	0.79	0.69	0.73	0.99	1.61	2.69	5.45
SIMON               3.35	3.61	3.50	3.64	3.63	3.64	3.63	3.62	3.66	3.65	3.52	3.72
FDM                 3.63	4.53	4.64	5.10	5.82	6.83	7.67	8.79	9.78	11.19	13.27	19.62
BOM                 3.54	3.22	2.39	1.62	1.02	0.73	0.52	0.40	0.33	0.28	0.26	0.27
BOM2                3.55	3.44	2.40	1.59	0.96	0.63	0.47	0.42	0.45	0.59	0.88	1.59
DFDM                3.59	4.52	4.60	5.09	5.79	6.83	7.68	8.83	9.64	11.33	13.52	20.13
WW                  4.07	3.65	2.59	1.71	1.10	0.78	0.66	0.68	0.88	1.45	2.44	4.90
LDM                 3.63	3.19	2.46	2.21	2.28	2.28	2.45	2.52	2.66	3.50	4.68	7.69
ILDM1               3.01	2.54	2.13	1.60	1.18	0.86	0.79	0.81	1.04	1.72	2.93	5.88
ILDM2               3.63	3.02	2.25	1.34	0.89	0.70	0.65	0.72	1.00	1.70	2.94	5.88
EBOM                2.33	2.41	2.01	1.34	0.87	0.59	0.45	0.40	0.45	0.59	0.87	1.59
FBOM                3.37	2.87	2.22	1.47	0.93	0.61	0.47	0.42	0.46	0.60	0.87	1.59
SEBOM               2.40	2.44	2.01	1.34	0.88	0.59	0.43	0.41	0.45	0.59	0.88	1.60
SFBOM               3.42	2.90	2.28	1.47	0.95	0.61	0.47	0.42	0.45	0.59	0.89	1.60
SKIP2               2.72	2.44	2.06	1.86	1.85	1.74	1.64	1.66	1.66	1.71	1.71	1.81
SKIP3               0.84	2.01	1.15	0.80	0.63	0.56	0.52	0.50	0.50	0.52	0.57	0.68
SKIP4               0.85	1.37	1.07	0.97	0.80	0.72	0.68	0.64	0.64	0.64	0.69	0.74
SKIP5               0.84	0.81	0.77	0.69	0.60	0.51	0.48	0.44	0.44	0.45	0.47	0.53
SKIP6               0.85	0.83	0.67	0.50	0.45	0.42	0.38	0.35	0.35	0.35	0.37	0.43
SKIP7               0.84	0.82	0.74	0.41	0.35	0.33	0.31	0.30	0.30	0.30	0.32	0.37
SKIP8               0.84	0.82	1.22	0.39	0.30	0.28	0.26	0.27	0.27	0.27	0.30	0.34
SO                  0.63	0.62	0.62	0.64	0.63	0.62	0.62	0.61	0.61	0.63	0.63	0.62
SA                  0.85	0.83	0.83	0.85	0.85	0.81	0.81	0.80	0.82	0.82	0.82	0.79
BNDM                2.84	2.37	1.58	0.86	0.54	0.56	0.57	0.56	0.56	0.57	0.56	0.57
BNDML               2.85	2.42	1.59	0.87	0.54	0.57	0.47	0.43	0.42	0.45	0.56	0.90
SBNDM               2.54	2.20	1.59	0.90	0.54	0.55	0.57	0.55	0.54	0.55	0.54	0.57
TNDM                3.15	2.51	1.80	1.02	0.65	0.67	0.70	0.67	0.65	0.68	0.65	0.66
TNDMA               3.24	2.54	1.83	1.08	0.66	0.66	0.68	0.67	0.66	0.69	0.65	0.68
LBNDM               3.84	2.97	2.06	1.17	0.71	0.71	3.52	5.89	4.84	4.04	3.76	3.44
SVM0                4.15	2.90	2.04	1.24	0.87	0.89	0.88	0.83	0.86	0.88	0.88	0.86
SVM1                3.18	2.54	1.92	1.28	0.98	0.99	1.02	0.98	0.99	0.95	1.07	1.01
SVM2                5.39	3.67	2.48	1.50	0.99	0.97	1.00	0.99	1.01	0.99	1.03	1.00
SVM3                4.87	3.39	2.31	1.43	0.94	0.95	0.96	0.96	0.97	0.96	0.95	0.96
SVM4                4.89	3.41	2.30	1.41	0.95	0.97	1.00	0.99	1.01	0.96	0.99	1.01
SBNDM2              2.24	2.23	1.57	0.83	0.54	0.51	0.54	0.51	0.51	0.50	0.54	0.53
SBNDM-BMH           2.51	2.25	1.59	0.86	0.55	0.57	0.54	0.55	0.54	0.55	0.57	0.56
BMH-SBNDM           3.58	3.13	2.19	1.21	0.74	0.71	0.72	0.74	0.72	0.74	0.73	0.75
FNDM                3.21	2.14	1.56	1.04	0.72	0.73	0.73	0.71	0.72	0.72	0.72	0.74
BWW                 3.99	3.23	2.56	1.54	0.97	0.97	0.99	1.02	0.98	0.98	1.00	1.01
FAOSO2              0.82	2.96	1.45	0.53	0.47	0.48	0.49	0.48	0.48	0.48	0.48	0.48
FAOSO4              0.83	0.82	2.75	1.26	0.45	0.47	0.46	0.46	0.46	0.47	0.46	0.46
FAOSO6              0.83	0.83	4.26	2.49	1.13	1.12	1.15	1.16	1.15	1.09	1.14	1.15
AOSO2               0.82	3.15	1.41	0.61	0.55	0.55	0.57	0.56	0.57	0.54	0.55	0.55
AOSO4               0.81	0.82	2.83	1.24	0.44	0.43	0.43	0.43	0.43	0.42	0.43	0.43
AOSO6               0.83	0.83	3.75	2.45	0.74	0.75	0.74	0.76	0.76	0.75	0.75	0.76
BLIM                1.46	1.32	1.46	1.59	2.07	2.84	5.36	8.46	17.34	32.85	80.51	175.56
FSBNDM              2.98	2.21	1.39	0.80	0.51	0.52	0.51	0.51	0.52	0.51	0.52	0.50
BNDMQ2              2.27	2.30	1.54	0.89	0.56	0.58	0.57	0.56	0.56	0.58	0.60	0.56
BNDMQ4              0.83	1.37	1.08	0.78	0.50	0.51	0.49	0.50	0.49	0.49	0.53	0.49
BNDMQ6              0.83	0.83	0.78	0.50	0.42	0.42	0.42	0.42	0.42	0.42	0.43	0.42
SBNDMQ2             2.39	2.36	1.47	0.85	0.52	0.49	0.49	0.50	0.50	0.50	0.49	0.56
SBNDMQ4             0.82	1.34	1.05	0.81	0.51	0.52	0.50	0.51	0.50	0.49	0.51	0.51
SBNDMQ6             0.83	0.82	0.82	0.51	0.44	0.41	0.42	0.43	0.41	0.42	0.42	0.42
SBNDMQ8             0.82	0.83	1.87	0.44	0.32	0.31	0.31	0.31	0.31	0.31	0.31	0.31
UFNDMQ2             3.20	2.84	2.15	1.72	1.35	1.39	1.38	1.37	1.38	1.36	1.38	1.38
UFNDMQ4             0.82	1.80	1.66	1.34	1.14	1.16	1.15	1.14	1.14	1.12	1.17	1.14
UFNDMQ6             0.81	0.83	1.24	1.14	1.06	1.09	1.08	1.09	1.07	1.04	1.05	1.04
UFNDMQ8             0.83	0.82	1.07	0.98	0.97	1.00	0.99	0.97	0.98	0.97	0.97	1.00
SABP                3.90	3.49	2.81	2.23	1.97	2.12	2.07	2.01	1.98	1.97	2.00	1.98
DBWW                2.60	2.38	1.77	1.18	3.06	3.33	3.39	3.41	3.39	3.39	3.52	3.48
DBWW2               2.60	2.39	1.75	1.18	2.98	3.33	3.39	3.40	3.36	3.40	3.48	3.48
KSA                 2.82	1.47	1.07	1.01	1.01	1.06	1.06	1.02	1.01	1.02	1.02	1.02
KBNDM               3.17	2.46	1.68	1.02	0.63	0.54	0.51	0.52	0.51	0.51	0.55	0.53
BSDM                4.21	3.78	3.58	3.58	3.53	3.54	3.65	3.69	3.68	3.51	3.56	3.52
BSDM2               2.78	2.97	-	-	-	-	-	-	-	-	-	-
BSDM3               0.83	1.87	-	-	-	-	-	-	-	-	-	-
BSDM4               0.82	1.33	-	-	-	-	-	0.78	0.76	0.73	0.73	0.73
BSDM5               0.83	0.84	0.76	0.66	0.66	0.64	0.61	0.59	0.57	0.56	0.55	0.55
BSDM6               0.82	0.84	0.67	0.47	0.45	0.44	0.44	0.44	0.43	0.43	0.43	0.42
BSDM7               0.82	0.85	0.73	0.39	0.36	0.34	0.34	0.35	0.33	0.33	0.33	0.34
BSDM8               0.83	0.85	1.23	0.38	0.31	0.29	0.28	0.28	0.28	0.28	0.28	0.29
BXS                 3.78	3.33	2.13	1.16	0.70	0.70	0.70	0.71	0.69	0.69	0.69	0.69
BXS1                3.40	2.99	1.89	1.06	0.66	0.59	2.91	121.39	-	-	-	-
BXS2                0.83	2.68	1.76	0.96	0.60	0.60	0.59	0.61	0.60	0.60	0.58	0.63
BXS3                0.82	2.03	1.50	0.85	0.54	-	-	-	-	-	-	-
BXS4                0.83	1.46	1.22	0.86	0.55	0.53	0.54	0.51	0.53	0.52	0.52	0.53
BXS6                0.83	0.84	0.79	0.51	0.44	0.43	0.42	0.44	0.44	0.44	0.43	0.43
BXS8                0.82	0.85	1.67	0.43	0.32	0.32	0.32	0.32	0.32	0.32	0.32	0.32
FS-W1               3.54	2.92	2.16	1.62	1.23	1.02	0.86	0.74	0.66	0.58	0.55	0.52
FS-W2               3.48	2.88	2.11	1.62	1.22	1.02	0.86	0.74	0.65	0.61	0.54	0.52
FS-W4               -	-	-	3.01	3.11	3.25	3.30	3.41	3.57	3.45	3.68	3.51
FS-W6               -	-	-	3.04	3.05	3.19	3.33	3.41	3.57	3.46	3.68	3.49
FS-W8               -	-	-	2.91	3.19	3.27	3.49	3.35	3.55	3.56	3.62	3.52
FSBNDM-W1           3.02	2.46	1.43	0.82	0.51	0.53	0.53	0.52	0.53	0.53	0.51	0.54
FSBNDM-W2           3.01	2.91	1.88	0.94	0.52	0.51	0.52	0.52	0.52	0.52	0.53	0.52
FSBNDM-W4           -	-	-	3.01	3.22	3.25	3.33	3.40	3.57	3.47	3.68	3.51
FSBNDM-W6           -	-	-	2.86	3.18	3.25	3.44	3.39	3.54	3.57	3.62	3.55
FSBNDM-W8           -	-	-	3.01	3.23	3.24	3.33	3.38	3.56	3.42	3.69	3.48
FSBNDMQ20           2.43	2.28	1.49	0.82	0.52	0.51	0.50	0.50	0.52	0.52	0.51	0.51
FSBNDMQ21           2.92	2.29	1.35	0.78	0.51	0.51	0.51	0.51	0.50	0.51	0.51	0.51
FSBNDMQ31           0.82	2.25	1.41	0.82	0.52	0.53	0.52	0.52	0.52	0.53	0.53	0.52
FSBNDMQ32           -	-	-	2.87	3.22	3.20	3.32	3.42	3.56	3.43	3.57	3.50
FSBNDMQ41           0.85	1.61	1.20	0.78	0.50	0.50	0.49	0.48	0.50	0.50	0.49	0.51
FSBNDMQ42           -	-	-	2.91	3.23	3.28	3.31	3.38	3.57	3.48	3.57	3.52
FSBNDMQ43           -	-	-	2.90	3.22	3.21	3.31	3.37	3.56	3.42	3.54	3.54
FSBNDMQ61           0.80	0.85	0.73	0.49	0.43	0.43	0.42	0.42	0.44	0.44	0.42	0.43
FSBNDMQ62           -	-	-	2.87	3.22	3.19	3.35	3.45	3.56	3.60	3.59	3.51
FSBNDMQ64           -	-	-	2.88	3.22	3.27	3.27	3.39	3.56	3.60	3.60	3.64
FSBNDMQ81           0.83	0.84	0.99	0.41	0.31	0.31	0.31	0.31	0.31	0.31	0.31	0.31
FSBNDMQ82           -	-	-	2.90	3.22	3.20	3.33	3.40	3.57	3.62	3.62	3.55
FSBNDMQ84           -	-	-	2.88	3.23	3.22	3.31	3.44	3.57	3.61	3.56	3.53
FSBNDMQ86           -	-	-	2.91	3.22	3.24	3.28	3.36	3.57	3.60	3.53	3.55
IOM                 2.31	2.44	2.36	2.63	2.72	2.61	2.62	2.61	2.71	2.70	2.63	2.65
JOM                 3.74	2.31	1.50	1.25	1.04	0.88	0.82	0.77	0.75	0.70	0.65	0.62
LWFR2               2.85	2.38	1.36	0.91	0.56	0.39	0.31	0.26	0.27	31.33	245.37	-
LWFR3               0.83	2.05	1.97	0.89	0.56	0.39	0.31	0.27	0.28	27.97	237.62	-
LWFR4               0.85	1.41	1.24	0.77	0.48	0.37	0.29	0.26	0.28	20.30	181.10	-
LWFR5               0.82	0.84	1.20	0.69	0.53	0.40	0.32	0.28	0.29	20.25	174.85	-
LWFR6               0.82	0.84	2.16	1.11	0.54	0.41	0.33	0.28	0.31	19.35	165.91	-
LWFR7               0.82	0.82	1.98	0.99	0.56	0.40	0.32	0.29	0.31	18.18	154.99	-
LWFR8               0.82	0.83	1.85	0.83	0.48	0.39	0.32	0.28	0.31	17.60	143.19	289.82
QF23                0.82	2.98	2.34	3.20	4.82	7.59	13.81	27.68	47.17	94.20	178.08	-
QF24                0.82	2.93	2.28	3.17	5.02	7.76	13.96	29.02	53.17	111.98	218.44	-
QF26                0.82	2.99	2.33	3.20	4.93	7.73	13.93	29.18	50.46	103.69	199.61	-
QF28                0.82	2.92	2.27	3.12	4.83	7.64	13.92	28.28	46.06	93.75	179.00	-
QF33                0.83	2.40	1.68	1.16	1.55	4.07	7.57	15.05	26.87	54.40	100.52	206.46
QF34                0.84	2.50	1.72	1.23	1.59	4.33	8.62	17.03	32.91	62.08	110.82	215.71
QF36                0.84	2.47	1.72	1.21	1.61	4.42	8.39	16.62	30.47	62.19	111.07	216.86
QF42                0.85	0.82	1.41	0.73	0.54	0.46	1.76	8.74	17.87	35.11	61.33	117.76
QF43                0.84	0.84	1.40	0.72	0.58	0.45	2.04	9.43	19.29	32.94	66.24	117.87
QF44                0.84	0.84	1.46	0.77	0.58	0.52	2.08	10.90	22.33	44.69	79.62	155.15
QF53                0.84	0.84	0.96	0.57	0.41	0.33	0.30	0.29	10.27	25.52	46.36	88.98
QF62                0.84	0.84	0.79	0.63	0.35	0.29	0.27	0.24	0.23	1.61	37.08	71.06
QF63                0.84	0.84	0.79	0.63	0.36	0.30	0.27	0.25	0.25	1.61	37.21	71.01
QF72                0.85	0.84	0.80	0.48	0.30	0.26	0.25	0.23	0.22	0.22	0.21	49.64
QF82                0.85	0.83	0.83	0.42	0.28	0.25	0.24	0.22	0.22	0.21	0.21	0.19
QLQS                3.77	3.45	3.55	3.52	3.46	3.53	3.51	3.51	3.66	3.65	3.55	3.47
SBNDM-W2            -	-	-	2.89	3.06	3.28	3.33	3.51	3.56	3.59	3.53	3.45
SBNDM-W4            -	-	-	2.92	3.11	3.25	3.33	3.58	3.57	3.59	3.53	3.47
SBNDM-W6            -	-	-	2.89	3.06	3.22	3.30	3.58	3.56	3.59	3.51	3.47
SSM                 3.40	2.66	2.28	1.91	1.68	1.64	1.49	1.42	1.31	1.23	1.14	1.06
TSA                 2.10	1.88	1.23	0.75	0.52	0.34	3.50	3.55	3.61	3.45	3.67	3.61
TSA-Q2              0.85	1.76	1.41	0.81	0.50	0.35	3.36	3.65	3.63	3.66	3.60	3.57
TSO5                2.16	1.29	1.06	0.70	0.45	0.33	3.31	3.65	3.63	3.66	3.55	3.55
TUNEDBM             3.71	3.00	2.59	2.41	2.43	2.42	2.35	2.49	2.48	2.46	2.40	2.40
TVSBS-W2            3.18	3.19	3.19	3.06	2.91	3.05	2.94	3.10	3.03	3.09	3.01	3.01
TVSBS-W4            -	-	-	2.90	3.09	3.24	3.35	3.58	3.41	3.59	3.52	3.42
TVSBS-W6            -	-	-	2.89	3.08	3.21	3.29	3.58	3.43	3.59	3.47	3.51
TVSBS-W8            -	-	-	2.87	3.03	3.26	3.28	3.58	3.44	3.49	3.57	3.53
WFR                 3.30	2.70	1.65	0.92	0.56	0.38	0.29	0.26	0.26	-	-	-
WFR2                3.05	2.60	1.41	0.89	0.55	0.39	0.29	0.26	0.27	-	-	-
WFR3                0.84	2.22	2.22	0.90	0.58	0.40	0.31	0.27	0.28	52.59	-	-
WFR4                0.85	1.57	1.29	0.76	0.46	0.36	0.31	0.27	0.28	40.66	-	-
WFR5                0.85	0.84	1.58	0.72	0.54	0.40	0.32	0.28	0.29	36.17	-	-
WFR6                0.83	0.84	2.65	1.12	0.56	0.42	0.32	0.29	0.31	36.45	-	-
WFR7                0.82	0.84	2.58	1.01	0.58	0.42	0.32	0.29	0.32	32.89	-	-
WFR8                0.84	0.84	2.40	0.82	0.48	0.40	0.31	0.28	0.31	30.68	-	-
WFRQ2               3.01	2.61	1.31	0.78	0.50	0.38	0.29	0.26	0.25	-	-	-
WFRQ3               0.84	2.37	2.09	0.74	0.49	0.36	0.28	0.26	0.25	9.97	-	-
WFRQ4               0.82	1.65	1.36	0.72	0.39	0.30	0.28	0.26	0.25	5.54	-	-
WFRQ5               0.82	0.83	1.55	0.64	0.47	0.34	0.29	0.26	0.26	7.08	-	-
WFRQ6               0.83	0.83	1.45	0.63	0.41	0.35	0.29	0.27	0.27	7.84	-	-
WFRQ7               0.82	0.82	1.45	0.51	0.35	0.31	0.29	0.27	0.28	19.63	-	-
WFRQ8               0.83	0.82	1.57	0.43	0.31	0.27	0.26	0.25	0.25	3.75	241.67	-
TWFR                3.25	2.75	1.71	0.96	0.59	0.39	0.31	0.27	0.27	-	-	-
TWFR2               2.69	2.55	1.49	0.95	0.61	0.40	0.31	0.26	0.27	-	-	-
TWFR3               0.84	1.94	1.99	0.90	0.56	0.40	0.30	0.27	0.28	45.92	-	-
TWFR4               0.83	1.39	1.27	0.79	0.48	0.37	0.31	0.27	0.29	40.70	-	-
TWFR5               0.82	0.83	1.34	0.69	0.54	0.39	0.32	0.28	0.30	36.45	-	-
TWFR6               0.85	0.83	2.54	1.05	0.52	0.39	0.31	0.27	0.30	35.21	-	-
TWFR7               0.84	0.82	2.35	0.95	0.55	0.39	0.31	0.28	0.32	32.78	-	-
TWFR8               0.85	0.83	2.14	0.81	0.48	0.39	0.32	0.28	0.32	30.80	-	-
TWFRQ2              2.76	2.49	1.31	0.80	0.50	0.39	0.30	0.25	0.25	3.53	3.63	3.53
TWFRQ3              0.85	2.01	2.03	0.74	0.50	0.36	0.30	0.26	0.26	11.97	-	-
TWFRQ4              0.84	1.35	1.19	0.64	0.36	0.28	0.26	0.25	0.24	3.42	3.67	3.59
TWFRQ5              0.84	0.82	1.38	0.63	0.45	0.32	0.28	0.26	0.26	7.04	-	-
TWFRQ6              0.85	0.82	1.26	0.59	0.39	0.34	0.29	0.26	0.27	7.61	-	-
TWFRQ7              0.84	0.82	1.19	0.47	0.34	0.30	0.29	0.27	0.28	19.70	-	-
TWFRQ8              0.84	0.83	1.25	0.41	0.29	0.27	0.27	0.26	0.26	3.75	239.81	-
WC                  3.31	3.08	2.63	2.36	1.98	1.82	1.68	1.48	1.40	1.28	1.17	1.12
WOM                 3.33	3.06	2.59	2.37	1.98	1.80	1.68	1.47	1.41	1.29	1.15	1.12
DOUBLEHASH          4.27	3.48	3.12	3.30	3.86	5.30	8.88	16.18	33.48	62.94	119.71	-
BRAM3               0.84	2.58	1.94	1.31	1.09	1.19	1.51	1.84	2.75	4.29	6.79	11.61
BRAM5               0.84	0.85	1.07	0.93	0.74	0.62	0.55	0.66	1.05	1.24	1.31	1.35
BRAM7               0.84	0.84	1.09	0.64	0.56	0.52	0.48	0.43	0.44	0.47	0.82	1.11
FT3                 4.02	3.38	2.53	1.96	1.53	1.24	1.04	0.88	0.79	0.69	0.62	0.61
SSECP               -	-	-	-	-	-	-	-	-	-	-	-
LIBC                3.11	3.92	1.77	1.41	1.36	1.35	1.34	1.37	3.65	3.68	3.64	3.56
MUSL                2.75	1.20	3.26	3.39	3.72	3.68	3.83	3.78	3.93	3.96	3.91	3.82
LIBC1               2.46	3.52	1.78	1.45	1.44	1.41	1.42	1.42	3.39	3.43	3.37	3.28
MUSL1               2.76	1.15	2.97	3.04	3.31	3.69	3.69	3.74	3.80	3.61	3.84	3.75
MUSL2               2.69	1.15	-	2.82	3.20	3.20	3.41	3.38	3.53	3.56	3.49	3.44
SIMDKR              0.78	1.27	0.84	0.79	0.78	0.80	0.80	0.82	0.82	0.80	0.82	0.81
EPSM                0.25	0.26	1.19	0.30	0.25	0.24	0.23	0.23	0.24	0.24	0.29	0.38
HC1                 3.16	2.93	4.46	8.63	16.53	28.03	56.74	95.55	171.53	-	-	-
HC2                 2.90	2.43	1.93	2.59	8.38	15.34	32.67	63.30	118.06	227.23	-	-
HC3                 -	1.93	1.23	0.69	0.55	0.52	12.01	48.96	94.63	185.16	-	-
HC4                 -	1.39	1.09	0.70	0.44	0.36	0.32	13.23	75.89	136.20	293.61	-
HC5                 -	-	0.82	0.54	0.38	0.28	0.24	0.24	0.23	1.97	230.20	-
HC6                 -	-	0.67	0.42	0.35	0.29	0.24	0.23	0.22	0.22	0.27	-
HC7                 -	-	0.74	0.37	0.30	0.28	0.23	0.21	0.20	0.20	0.21	0.21
HC8                 -	-	1.11	0.37	0.27	0.25	0.24	0.22	0.20	0.20	0.20	0.20
LHC1                3.44	2.90	3.20	4.13	4.10	4.25	4.37	4.37	4.15	4.37	4.17	4.19
LHC2                2.99	2.93	2.36	2.56	3.60	4.14	4.26	4.27	4.09	4.26	4.08	4.05
LHC3                -	2.05	1.52	0.94	0.69	1.00	2.76	3.96	4.01	3.87	4.07	3.79
LHC4                -	1.40	1.34	0.77	0.49	0.40	0.57	2.67	3.73	4.01	3.82	3.84
LHC5                -	-	0.99	0.60	0.40	0.28	0.25	0.24	0.23	1.11	3.69	3.92
LHC6                -	-	0.81	0.49	0.39	0.30	0.25	0.23	0.22	0.22	0.54	3.71
LHC7                -	-	0.82	0.41	0.30	0.27	0.23	0.21	0.20	0.19	0.23	0.20
LHC8                -	-	1.43	0.42	0.29	0.26	0.24	0.23	0.21	0.21	0.21	0.22
SHC1                3.10	2.96	4.60	7.59	12.78	24.59	47.39	87.04	148.86	-	-	-
SHC2                2.71	2.36	2.03	2.72	8.14	16.80	30.61	60.53	104.54	223.65	-	-
SHC3                -	1.97	1.29	0.71	0.57	0.55	12.09	49.72	86.91	185.82	-	-
SHC4                -	1.23	1.10	0.65	0.44	0.37	0.34	11.81	69.24	150.07	270.91	-
SHC5                -	-	0.83	0.51	0.39	0.28	0.25	0.24	0.23	2.17	231.48	-
SHC6                -	-	0.69	0.40	0.36	0.29	0.24	0.23	0.22	0.22	0.28	-
SHC7                -	-	0.73	0.35	0.30	0.27	0.24	0.22	0.20	0.20	0.19	0.20
SHC8                -	-	1.03	0.36	0.27	0.25	0.24	0.22	0.20	0.20	0.20	0.20
FHC1                3.46	3.20	4.95	7.82	12.82	25.15	47.16	84.96	144.99	-	-	-
FHC2                2.81	2.51	2.12	2.65	7.93	17.69	33.08	63.45	106.31	226.76	-	-
FHC3                -	1.96	1.27	0.72	0.57	0.63	12.49	49.79	95.40	169.27	-	-
FHC4                -	1.28	1.15	0.66	0.47	0.38	0.34	12.03	70.21	150.29	270.43	-
FHC5                -	-	0.84	0.53	0.39	0.28	0.25	0.24	0.23	2.00	231.49	-
FHC6                -	-	0.68	0.43	0.38	0.29	0.24	0.23	0.23	0.22	0.28	-
FHC7                -	-	0.71	0.37	0.30	0.27	0.24	0.22	0.20	0.20	0.20	0.20
FHC8                -	-	1.07	0.37	0.27	0.25	0.24	0.22	0.20	0.20	0.20	0.21
KRSIMD              1.89	1.39	0.63	0.54	0.53	0.54	0.54	0.59	0.58	0.56	0.61	0.96
