BF                  2.97	2.97	3.07	2.96	2.97	3.00	2.92	2.93	2.91	2.92	2.94	2.97
MP                  4.86	4.88	4.89	4.80	4.84	4.83	4.86	4.82	4.85	4.82	4.78	4.86
KMP                 4.71	4.72	4.68	4.76	4.73	4.73	4.76	4.70	4.66	4.61	4.68	4.79
BM                  5.18	3.13	2.06	1.45	1.16	1.01	0.92	0.87	0.81	0.78	0.74	0.73
HOR                 3.56	2.23	1.53	1.20	0.99	0.89	0.83	0.78	0.76	0.73	0.73	0.68
GS                  8.04	8.24	8.43	8.26	8.37	8.27	8.48	8.40	8.15	8.44	8.32	8.36
AG                  8.63	6.15	4.85	3.23	2.46	1.92	1.80	1.61	1.71	1.91	2.30	3.33
KR                  2.41	2.27	2.20	2.16	2.16	2.16	2.21	2.17	2.15	2.17	2.16	2.18
ZT                  4.77	2.74	1.68	1.17	0.94	0.81	0.74	0.74	0.75	0.73	0.69	-
AC                  4.45	4.43	4.29	4.28	4.28	4.25	4.24	4.19	4.18	4.27	4.17	4.35
TW                  3.46	3.41	3.24	3.18	2.97	2.82	2.76	2.70	2.63	2.55	2.58	2.57
OM                  3.30	2.34	1.68	1.31	1.09	0.98	0.89	0.83	0.83	0.84	0.98	-
MS                  3.37	2.42	1.64	1.24	1.01	0.92	0.83	0.82	0.86	1.07	1.59	-
QS                  3.42	2.48	1.75	1.29	1.07	0.95	0.88	0.81	0.78	0.76	0.75	0.72
NSN                 2.91	2.98	3.03	2.94	2.98	2.97	2.95	2.90	2.93	3.00	2.93	2.99
TBM                 6.27	3.74	2.39	1.68	1.31	1.12	1.02	0.91	0.87	0.83	0.77	0.76
COLUSSI             4.84	4.98	5.01	5.01	5.02	4.96	4.97	4.91	4.94	5.01	4.91	5.06
SMITH               3.73	2.36	1.62	1.18	0.98	0.87	0.80	0.76	0.73	0.72	0.71	0.68
GG                  5.05	5.37	5.37	5.28	5.30	5.34	5.36	5.26	5.34	5.43	5.26	5.32
RAITA               4.14	2.55	1.69	1.27	1.05	0.91	0.86	0.79	0.77	0.76	0.72	0.69
SMOA                4.73	4.74	4.88	4.72	4.69	4.76	4.74	4.63	4.63	4.63	4.68	4.78
RCOLUSSI            -	-	-	-	-	-	-	-	-	-	-	-
SKIP                2.57	2.24	1.87	1.51	1.26	1.12	1.01	0.97	1.01	1.17	1.32	1.55
KMPSKIP             2.78	2.48	2.20	1.79	1.50	1.34	1.28	1.24	1.26	1.28	1.26	1.27
ASKIP               2.84	2.27	1.75	1.28	1.05	1.14	1.57	2.67	5.14	9.97	19.86	39.44
BR                  2.98	2.22	1.61	1.19	0.94	0.82	0.74	0.72	0.73	0.72	0.68	0.69
AKC                 14.56	9.51	6.33	4.16	-	7.00	4.56	-	-	2.66	2.39	2.79
FS                  3.55	2.24	1.55	1.17	1.01	0.90	0.84	0.80	0.78	0.77	0.73	0.72
FFS                 3.42	2.26	1.60	1.24	1.05	0.95	0.88	0.85	0.86	0.85	0.88	-
BFS                 3.48	2.30	1.63	1.23	1.05	0.95	0.89	0.85	0.87	0.86	0.87	1.02
TS                  2.34	2.15	1.69	1.41	1.17	1.08	1.02	1.04	1.05	1.02	1.02	1.01
SSABS               2.95	2.19	1.57	1.28	1.12	0.95	0.89	0.81	0.78	0.76	0.73	0.70
TVSBS               2.82	2.16	1.57	1.21	0.92	0.81	0.74	0.74	0.71	0.70	0.67	-
PBMH                3.87	2.33	1.53	1.14	0.97	0.88	0.83	0.84	0.99	1.62	4.34	18.03
FJS                 3.02	2.24	1.65	1.32	1.08	0.98	0.92	0.86	0.82	0.79	0.77	0.75
HASH3               2.12	3.56	1.59	1.03	0.80	0.72	0.67	0.69	0.69	0.67	0.67	0.69
HASH5               2.13	2.12	2.22	1.14	0.85	0.72	0.67	0.68	0.70	0.68	0.72	0.69
HASH8               2.14	2.12	8.30	1.44	0.90	0.75	0.69	0.70	0.71	0.70	0.69	0.69
TSW                 2.23	1.73	1.31	1.01	0.84	0.75	0.70	0.70	0.70	0.68	0.67	0.66
GRASPM              3.40	2.12	-	-	-	-	-	-	-	-	-	-
SSEF                2.14	2.15	2.15	2.12	5.23	5.31	5.12	5.04	5.71	6.03	8.50	17.25
AUT                 3.87	3.85	3.83	3.83	3.87	3.90	3.94	4.11	4.37	4.94	5.94	7.94
RF                  2.76	2.32	1.79	1.26	0.97	0.92	0.95	1.12	1.52	2.35	4.18	7.62
TRF                 3.33	2.61	2.02	1.46	1.11	1.14	1.16	1.42	2.10	3.56	6.46	11.85
SIMON               -	-	-	-	-	-	-	-	-	-	-	-
FDM                 6.17	7.42	8.60	9.37	9.37	10.20	11.71	13.48	16.46	20.77	26.32	33.84
BOM                 3.80	3.18	2.56	2.06	1.75	1.41	1.14	0.99	0.92	0.85	0.89	1.03
BOM2                3.23	2.57	1.90	1.33	1.01	0.91	0.86	0.92	1.10	1.53	2.43	4.46
DFDM                4.83	6.14	7.63	8.36	8.17	9.14	11.02	12.79	15.53	19.74	26.51	33.57
WW                  3.75	2.75	2.07	1.44	1.07	1.10	1.16	1.46	2.23	3.85	6.87	12.57
LDM                 5.34	5.16	4.76	4.20	3.96	4.29	4.66	5.07	5.95	7.72	11.29	18.05
ILDM1               3.21	2.56	2.02	1.42	1.06	1.12	1.24	1.59	2.46	4.32	7.74	14.22
ILDM2               3.11	2.44	1.85	1.34	1.00	1.06	1.22	1.59	2.48	4.32	7.71	14.41
EBOM                2.24	1.28	0.96	0.88	0.85	0.83	0.85	0.91	1.10	1.54	2.50	4.54
FBOM                3.07	2.11	1.49	1.13	0.99	0.91	0.90	0.94	1.11	1.57	2.53	4.52
SEBOM               1.73	1.14	0.90	0.83	0.85	0.84	0.85	0.94	1.10	1.55	2.48	4.55
SFBOM               3.28	2.24	1.55	1.19	1.01	0.91	0.87	0.91	1.11	1.55	2.48	4.53
SKIP2               1.97	1.18	0.96	0.85	0.81	0.78	0.75	0.73	0.74	0.75	0.82	1.03
SKIP3               2.11	1.38	0.89	0.77	0.74	0.70	0.69	0.67	0.71	0.71	0.76	0.91
SKIP4               2.12	2.24	0.95	0.77	0.69	0.66	0.66	0.65	0.66	0.68	0.75	0.90
SKIP5               2.14	2.15	1.08	0.76	0.68	0.65	0.65	0.64	0.64	0.68	0.77	0.93
SKIP6               2.13	2.13	1.28	0.80	0.69	0.66	0.65	0.64	0.63	0.66	0.74	0.90
SKIP7               2.14	2.16	1.97	0.89	0.73	0.66	0.68	0.66	0.64	0.67	0.74	0.85
SKIP8               2.17	2.16	4.04	1.02	0.81	0.70	0.67	0.67	0.68	0.68	0.73	0.90
SO                  1.45	1.43	1.45	1.43	1.45	1.34	1.35	1.34	1.34	1.35	1.35	1.33
SA                  2.17	2.20	2.14	2.15	2.15	2.13	2.11	2.09	2.11	2.10	2.08	2.13
BNDM                2.18	1.94	1.55	1.16	0.90	1.01	0.99	1.00	1.00	1.00	1.01	1.02
BNDML               2.23	1.91	1.54	1.15	0.89	0.91	0.81	0.78	0.79	0.82	0.99	1.79
SBNDM               3.03	1.37	1.02	0.91	0.80	0.87	0.87	0.90	0.88	0.86	0.89	0.87
TNDM                2.43	2.13	1.67	1.24	0.93	0.97	0.97	0.96	0.95	0.95	0.95	0.93
TNDMA               2.82	2.31	1.90	1.42	1.03	1.06	1.04	1.05	1.07	1.05	1.04	1.02
LBNDM               2.66	2.31	1.78	1.32	0.98	0.84	0.76	0.71	0.67	0.66	0.79	1.14
SVM0                5.07	2.99	1.88	1.31	1.01	1.01	1.02	1.01	1.02	1.01	1.01	1.02
SVM1                2.38	2.44	2.05	1.77	1.70	1.67	1.67	1.67	1.68	1.70	1.67	1.65
SVM2                7.00	3.99	2.41	1.59	1.17	1.19	1.17	1.18	1.20	1.19	1.17	1.17
SVM3                6.10	3.64	2.19	1.69	1.30	1.34	1.33	1.34	1.34	1.34	1.35	1.35
SVM4                6.10	3.60	2.19	1.73	1.30	1.36	1.33	1.37	1.34	1.34	1.33	1.34
SBNDM2              1.60	1.05	0.87	0.80	0.76	0.77	0.75	0.77	0.77	0.77	0.76	0.78
SBNDM-BMH           2.86	2.09	1.51	1.10	0.89	0.90	0.88	0.92	0.90	0.89	0.89	0.91
BMH-SBNDM           3.59	2.26	1.50	1.16	0.95	0.97	0.96	0.96	0.96	0.96	0.98	0.98
FNDM                2.36	2.05	1.69	1.26	0.93	0.97	0.95	0.95	0.96	0.96	0.96	0.96
BWW                 3.95	2.91	2.11	1.46	1.13	1.12	1.11	1.12	1.15	1.13	1.13	1.15
FAOSO2              2.14	1.31	1.07	1.08	1.06	1.05	1.06	1.05	1.05	1.04	1.06	1.05
FAOSO4              2.12	2.16	1.12	0.91	-	-	-	-	-	-	-	-
FAOSO6              2.14	2.14	2.50	0.95	-	-	-	-	-	-	-	-
AOSO2               2.13	1.78	1.53	1.55	1.53	1.20	1.20	1.18	1.18	1.19	1.22	1.19
AOSO4               2.11	2.12	1.23	1.03	1.04	0.86	0.88	0.88	0.90	0.89	0.88	0.89
AOSO6               2.14	2.14	2.64	0.97	0.79	0.85	0.84	0.84	0.82	0.83	0.84	0.83
BLIM                2.44	2.94	2.61	2.79	3.33	4.83	8.04	12.70	20.96	36.02	61.16	-
FSBNDM              1.77	1.26	1.00	0.85	0.79	0.76	0.79	0.81	0.79	0.78	0.77	0.77
BNDMQ2              1.74	1.06	0.87	0.80	0.75	0.77	0.76	0.79	0.78	0.79	0.77	0.78
BNDMQ4              2.13	2.36	0.96	0.76	0.70	0.68	0.69	0.70	0.68	0.67	0.69	0.70
BNDMQ6              2.12	2.10	1.63	0.88	0.72	0.69	0.68	0.71	0.70	0.72	0.69	0.68
SBNDMQ2             1.63	1.05	0.88	0.81	0.77	0.79	0.76	0.77	0.78	0.79	0.77	0.77
SBNDMQ4             2.12	2.33	0.95	0.75	0.66	0.68	0.67	0.68	0.69	0.69	0.66	0.67
SBNDMQ6             2.11	2.13	1.48	0.83	0.69	0.69	0.71	0.70	0.69	0.70	0.70	0.69
SBNDMQ8             2.14	2.12	3.86	0.94	0.72	0.73	0.73	0.73	0.72	0.72	0.72	0.72
UFNDMQ2             2.39	2.03	1.84	1.74	1.72	1.68	1.68	1.68	1.67	1.70	1.68	1.67
UFNDMQ4             2.11	2.19	1.87	1.71	1.63	1.61	1.59	1.64	1.62	1.64	1.63	1.61
UFNDMQ6             2.15	2.10	1.88	1.72	1.63	1.64	1.62	1.61	1.64	1.64	1.69	1.63
UFNDMQ8             2.14	2.13	1.94	1.64	1.70	1.68	1.67	1.70	1.69	1.66	1.78	1.70
SABP                3.53	3.00	2.56	2.22	2.06	2.13	2.06	2.04	2.09	2.08	2.14	2.09
DBWW                2.73	2.05	1.42	1.07	1.17	0.99	0.88	0.82	0.79	0.77	0.78	0.75
DBWW2               2.77	2.04	1.44	1.08	1.18	0.99	0.89	0.81	0.80	0.77	0.78	0.77
KSA                 2.36	2.21	2.19	2.21	2.20	2.18	2.19	2.20	2.24	2.21	2.24	2.24
KBNDM               3.02	1.79	1.25	0.98	0.86	0.77	0.73	0.73	0.72	0.74	0.71	0.73
BSDM                2.49	2.32	1.97	1.69	1.53	1.45	1.35	1.31	1.24	1.23	1.19	1.17
BSDM2               1.61	1.13	0.92	0.85	0.83	0.83	0.82	0.79	0.84	0.81	-	-
BSDM3               2.11	1.24	0.83	0.76	0.72	0.69	0.70	0.70	0.68	-	-	-
BSDM4               2.13	2.11	0.95	0.76	0.71	0.67	0.67	0.66	0.67	0.68	-	-
BSDM5               2.13	2.13	1.02	0.75	0.71	0.66	0.68	0.67	0.65	0.69	0.68	0.70
BSDM6               2.13	2.14	1.21	0.78	0.70	0.66	0.64	0.66	0.65	0.65	0.65	0.66
BSDM7               2.16	2.14	1.74	0.86	0.69	0.69	0.65	0.65	0.66	0.66	-	-
BSDM8               2.14	2.15	3.39	0.94	0.74	0.69	0.67	0.66	0.66	0.67	-	-
BXS                 2.27	2.02	1.61	1.19	0.93	0.93	0.92	0.92	0.91	0.93	0.95	0.94
BXS1                2.37	2.09	1.66	1.22	0.92	0.82	0.73	0.70	0.70	0.68	0.65	0.64
BXS2                2.11	1.18	0.89	0.83	0.77	0.78	0.77	0.77	0.78	0.77	0.77	0.79
BXS3                2.12	1.39	0.88	0.74	0.70	-	-	-	-	-	-	-
BXS4                2.11	2.36	0.95	0.75	0.67	0.68	0.68	0.67	0.68	0.67	0.69	0.68
BXS6                2.11	2.15	1.43	0.81	0.69	0.69	0.70	0.72	0.69	0.69	0.70	0.69
BXS8                2.12	2.14	4.12	0.98	0.72	0.73	0.75	0.74	0.72	0.73	0.73	0.73
FS-W1               3.71	2.29	1.55	1.23	1.00	0.90	0.85	0.79	0.80	0.77	0.74	0.74
FS-W2               2.72	1.75	1.27	1.04	0.88	0.81	0.76	0.72	0.74	0.73	0.69	0.72
FS-W4               2.17	2.11	1.19	0.97	0.84	0.79	0.74	0.74	-	0.73	-	-
FS-W6               2.21	1.54	1.16	0.93	0.84	-	-	0.73	-	-	-	-
FS-W8               2.33	1.60	1.20	0.94	0.82	-	-	0.71	-	-	-	-
FSBNDM-W1           2.88	1.82	1.29	1.01	0.86	0.87	0.87	0.85	0.88	0.89	0.88	0.88
FSBNDM-W2           2.54	1.62	1.14	0.91	0.79	0.79	0.80	0.81	0.79	0.80	0.81	0.80
FSBNDM-W4           2.13	-	1.03	0.85	0.74	0.75	0.74	0.74	0.74	0.73	0.74	0.73
FSBNDM-W6           2.15	2.14	1.07	0.87	0.75	0.77	0.73	0.73	0.74	0.74	0.75	0.75
FSBNDM-W8           2.12	2.12	2.13	0.95	0.83	0.84	0.86	0.86	0.85	0.86	0.86	0.84
FSBNDMQ20           1.69	1.09	0.92	0.78	0.77	0.76	0.76	0.76	0.78	0.76	0.78	0.77
FSBNDMQ21           1.78	1.26	0.98	0.85	0.81	0.82	0.80	0.79	0.79	0.78	0.80	0.81
FSBNDMQ31           2.12	1.35	0.91	0.77	0.71	0.70	0.69	0.71	0.71	0.70	0.72	0.70
FSBNDMQ32           2.15	1.27	0.93	0.79	0.75	0.71	0.72	0.72	0.72	0.75	0.72	0.71
FSBNDMQ41           2.14	1.59	0.91	0.75	0.67	0.67	0.67	0.70	0.67	0.69	0.68	0.68
FSBNDMQ42           2.13	1.26	0.90	0.75	0.68	0.69	0.67	0.70	0.70	0.69	0.71	0.69
FSBNDMQ43           2.13	1.45	1.01	0.89	0.72	0.73	0.73	0.74	0.73	0.73	0.73	0.73
FSBNDMQ61           2.11	2.15	1.25	0.81	0.71	0.70	0.69	0.69	0.69	0.69	0.70	0.70
FSBNDMQ62           2.12	2.13	1.12	0.80	0.71	0.71	0.70	0.70	0.70	0.72	0.68	0.69
FSBNDMQ64           2.12	2.14	1.01	0.80	0.70	0.71	0.71	0.70	0.71	0.70	0.70	0.71
FSBNDMQ81           2.12	2.16	2.43	0.96	0.72	0.73	0.73	0.74	0.72	0.72	0.72	0.72
FSBNDMQ82           2.14	2.13	1.77	0.92	0.72	0.71	0.74	0.72	0.73	0.71	0.73	0.71
FSBNDMQ84           2.17	2.15	1.28	0.87	0.73	0.71	0.72	0.74	0.73	0.72	0.72	0.72
FSBNDMQ86           2.15	2.15	1.11	0.84	0.75	0.74	0.75	0.75	0.74	0.74	0.73	0.75
IOM                 2.98	2.12	1.53	1.21	1.01	0.91	0.87	0.80	0.78	0.76	0.73	0.71
JOM                 3.75	2.65	1.92	1.40	1.04	0.90	0.80	0.73	0.73	0.70	0.67	0.67
LWFR2               1.80	1.17	0.93	0.83	0.81	0.73	0.67	0.65	0.64	0.63	0.64	0.69
LWFR3               2.12	1.98	1.02	0.75	0.71	0.65	0.66	0.65	0.63	0.62	0.63	0.66
LWFR4               2.11	2.19	0.94	0.77	0.68	0.67	0.64	0.64	0.61	0.64	0.66	0.70
LWFR5               2.12	2.11	2.39	0.79	0.69	0.65	0.64	0.63	0.62	0.62	0.63	0.68
LWFR6               2.15	2.15	2.78	0.95	0.72	0.66	0.64	0.63	0.61	0.61	0.65	0.68
LWFR7               2.14	2.14	3.11	0.94	0.73	0.67	0.64	0.65	0.61	0.62	0.62	0.67
LWFR8               2.14	2.14	3.46	0.94	0.74	0.67	0.65	0.64	0.62	0.62	0.66	0.71
QF23                2.11	1.59	1.07	1.00	0.93	0.83	0.74	0.69	1.22	56.09	-	-
QF24                2.13	1.30	0.96	0.84	0.81	0.77	0.72	0.65	0.66	0.66	0.65	0.82
QF26                2.13	1.20	0.90	0.82	0.78	0.75	0.69	0.65	0.66	0.64	0.62	0.69
QF28                2.13	1.17	0.88	0.78	0.77	0.73	0.70	0.67	0.65	0.64	0.63	0.66
QF33                2.13	1.29	0.86	0.72	0.68	0.66	0.66	0.64	0.61	0.61	0.60	0.61
QF34                2.11	1.38	0.88	0.72	0.69	0.67	0.66	0.63	0.62	0.59	0.60	0.60
QF36                2.17	1.66	1.02	0.83	0.75	0.72	0.69	0.68	0.66	0.64	0.65	0.66
QF42                2.12	2.15	1.27	0.85	0.74	0.72	0.69	0.64	0.63	0.64	0.62	0.68
QF43                2.13	2.10	0.92	0.75	0.66	0.63	0.63	0.63	0.61	0.58	0.58	0.59
QF44                2.12	2.13	1.14	0.83	0.71	0.68	0.66	0.65	0.61	0.60	0.60	0.60
QF53                2.11	2.12	1.14	0.82	0.70	0.66	0.62	0.61	0.60	0.59	0.60	0.59
QF62                2.17	2.16	1.21	0.78	0.68	0.65	0.62	0.62	0.60	0.59	0.59	0.59
QF63                2.16	2.16	1.80	1.00	0.80	0.70	0.69	0.68	0.65	0.64	0.64	0.64
QF72                2.12	2.18	1.73	0.85	0.70	0.64	0.64	0.61	0.60	0.60	0.58	0.59
QF82                2.13	2.12	2.16	1.02	0.75	0.69	0.64	0.63	0.61	0.60	0.60	0.59
QLQS                2.98	2.09	1.85	1.40	1.06	0.91	0.84	0.80	0.76	0.75	0.73	0.72
SBNDM-W2            2.72	1.88	1.26	1.00	0.85	0.86	0.85	0.85	0.86	0.86	0.86	0.85
SBNDM-W4            2.14	1.89	1.28	1.00	0.79	-	-	-	-	-	-	-
SBNDM-W6            2.13	2.11	1.30	0.95	0.76	0.76	0.77	0.77	0.76	0.77	0.78	0.77
SSM                 3.86	2.34	1.51	1.11	0.93	0.84	0.77	0.76	0.74	0.71	0.68	0.67
TSA                 2.26	1.49	1.05	0.85	0.75	0.70	0.88	0.81	0.80	0.79	0.74	0.75
TSA-Q2              1.34	-	-	-	-	-	0.90	0.83	0.80	0.77	0.76	0.75
TSO5                2.09	1.30	0.97	0.77	0.70	0.65	0.90	0.82	0.81	0.78	0.77	0.76
TUNEDBM             3.89	2.39	1.64	1.25	1.04	0.94	0.84	0.82	0.79	0.77	0.73	0.71
TVSBS-W2            3.24	2.76	2.26	1.95	1.74	1.69	1.63	1.60	1.57	1.58	1.57	1.58
TVSBS-W4            3.13	2.63	2.16	1.92	1.74	1.66	1.62	1.59	1.59	1.58	-	-
TVSBS-W6            3.37	2.68	2.11	1.87	1.71	1.63	1.57	1.57	1.57	1.57	-	-
TVSBS-W8            3.50	2.60	2.04	1.82	1.73	1.62	1.61	1.56	1.59	1.57	-	-
WFR                 2.56	2.07	1.61	1.16	0.92	0.79	0.70	0.67	0.64	0.62	0.64	0.66
WFR2                2.41	1.33	0.98	0.86	0.79	0.74	0.68	0.64	0.63	0.63	0.62	0.66
WFR3                2.15	2.44	1.08	0.78	0.71	0.67	0.66	0.64	0.63	0.61	0.61	0.66
WFR4                2.13	2.58	1.02	0.78	0.68	0.67	0.64	0.64	0.61	0.61	0.62	0.66
WFR5                2.15	2.12	2.81	0.83	0.71	0.65	0.64	0.63	0.61	0.61	0.61	0.66
WFR6                2.14	2.13	3.15	0.97	0.71	0.65	0.65	0.62	0.62	0.61	0.62	0.65
WFR7                2.15	2.13	3.54	0.99	0.74	0.68	0.64	0.63	0.63	0.62	0.61	0.66
WFR8                2.13	2.12	3.95	1.00	0.73	0.67	0.64	0.64	0.61	0.62	0.62	0.65
WFRQ2               2.41	1.33	0.99	0.84	0.79	0.74	0.66	0.65	0.62	0.61	0.60	0.62
WFRQ3               2.11	2.41	1.09	0.79	0.72	0.67	0.64	0.64	0.61	0.61	0.60	0.61
WFRQ4               2.13	2.55	1.03	0.77	0.68	0.66	0.63	0.64	0.62	0.60	0.60	0.62
WFRQ5               2.13	2.12	2.83	0.81	0.71	0.65	0.64	0.63	0.61	0.60	0.60	0.62
WFRQ6               2.15	2.14	3.11	0.96	0.72	0.66	0.65	0.64	0.61	0.61	0.60	0.63
WFRQ7               2.14	2.13	4.22	1.04	0.75	0.68	0.65	0.63	0.61	0.61	0.61	0.62
WFRQ8               2.12	2.12	3.85	0.97	0.73	0.66	0.64	0.64	0.61	0.59	0.60	0.61
TWFR                2.38	2.12	1.70	1.21	0.95	0.81	0.69	0.70	0.64	0.63	0.64	0.66
TWFR2               1.76	1.17	0.92	0.81	0.81	0.77	0.69	0.64	0.63	0.62	0.63	0.66
TWFR3               2.13	1.99	0.99	0.75	0.70	0.68	0.65	0.64	0.62	0.61	0.63	0.66
TWFR4               2.15	2.19	0.94	0.75	0.68	0.64	0.65	0.62	0.61	0.62	0.63	0.66
TWFR5               2.12	2.17	2.36	0.79	0.69	0.66	0.67	0.63	0.62	0.61	0.62	0.66
TWFR6               2.13	2.14	2.74	0.93	0.70	0.66	0.65	0.63	0.61	0.62	0.63	0.64
TWFR7               2.15	2.13	3.13	0.96	0.72	0.69	0.64	0.63	0.61	0.61	0.64	0.66
TWFR8               2.14	2.16	3.47	0.95	0.74	0.69	0.65	0.65	0.60	0.61	0.61	0.66
TWFRQ2              1.78	1.13	0.89	0.81	0.79	0.73	0.67	0.64	0.63	0.79	0.75	0.75
TWFRQ3              2.15	1.92	0.97	0.74	0.69	0.67	0.64	0.65	0.64	0.60	0.59	0.63
TWFRQ4              2.15	2.22	0.94	0.76	0.66	0.66	0.64	0.64	0.60	0.78	0.76	0.76
TWFRQ5              2.14	2.12	2.44	0.76	0.70	0.66	0.63	0.64	0.61	0.61	0.61	0.62
TWFRQ6              2.14	2.13	2.76	0.91	0.69	0.67	0.64	0.62	0.62	0.60	0.61	0.62
TWFRQ7              2.14	2.12	3.14	0.96	0.73	0.65	0.63	0.63	0.60	0.61	0.59	0.61
TWFRQ8              2.13	2.14	3.45	0.92	0.73	0.67	0.64	0.65	0.63	0.61	0.60	0.62
WC                  3.15	3.03	3.02	3.01	2.97	3.03	2.99	2.92	2.89	2.97	2.97	3.04
WOM                 3.13	2.24	1.60	1.23	1.03	0.92	0.83	0.79	0.75	0.75	0.73	0.70
DOUBLEHASH          4.45	2.70	1.76	1.29	1.07	1.07	1.01	1.05	1.17	1.40	1.78	2.57
BRAM3               2.14	2.33	1.50	1.23	1.15	1.09	1.07	1.08	1.04	1.02	1.00	1.00
BRAM5               2.13	2.15	1.65	1.23	1.11	1.06	1.03	1.04	1.01	1.00	1.00	1.00
BRAM7               2.15	2.12	2.86	1.42	1.15	1.07	1.06	1.04	1.02	1.00	1.00	1.05
FT3                 6.25	3.74	2.38	1.66	1.28	1.11	0.97	0.90	-	0.82	0.77	-
SSECP               -	-	-	-	-	-	-	-	-	-	-	-
LIBC                0.88	0.79	0.77	0.77	0.78	0.77	0.77	0.76	0.78	0.79	0.77	0.77
MUSL                1.64	1.57	2.43	1.90	1.42	1.10	0.95	0.87	0.80	0.76	0.73	0.74
LIBC1               1.60	1.32	0.95	0.81	0.80	0.75	0.71	0.73	0.77	0.74	0.70	0.71
MUSL1               1.47	1.78	2.13	1.59	1.18	0.98	0.89	0.81	0.77	0.74	0.71	0.71
MUSL2               2.05	2.10	-	1.62	1.53	1.16	1.22	1.05	1.11	1.49	1.63	-
SIMDKR              0.79	0.78	0.74	0.76	0.73	0.74	0.73	0.73	0.72	0.74	0.73	0.74
EPSM                0.67	0.73	0.86	0.70	0.65	0.63	0.62	0.62	0.64	0.67	0.77	0.94
HC1                 2.38	2.13	1.68	1.19	0.91	0.79	0.72	0.66	0.65	0.65	0.69	0.96
HC2                 2.39	1.30	0.94	0.82	0.78	0.75	0.67	0.66	0.62	0.59	0.61	0.62
HC3                 -	1.24	0.84	0.71	0.68	0.65	0.63	0.62	0.62	0.59	0.59	0.60
HC4                 -	2.08	0.92	0.71	0.67	0.64	0.62	0.62	0.60	0.61	0.59	0.60
HC5                 -	-	0.99	0.75	0.67	0.63	0.62	0.61	0.60	0.59	0.59	0.58
HC6                 -	-	1.18	0.79	0.69	0.63	0.62	0.62	0.59	0.60	0.59	0.58
HC7                 -	-	1.62	0.80	0.69	0.64	0.63	0.64	0.60	0.59	0.59	0.59
HC8                 -	-	3.35	0.91	0.70	0.64	0.63	0.62	0.60	0.60	0.59	0.60
LHC1                2.37	2.16	1.69	1.21	0.93	0.79	0.73	0.65	0.66	0.63	0.63	0.61
LHC2                1.98	1.17	0.93	0.83	0.78	0.75	0.68	0.66	0.62	0.60	0.61	0.61
LHC3                -	1.36	0.89	0.73	0.70	0.66	0.64	0.64	0.60	0.61	0.58	0.60
LHC4                -	2.59	1.02	0.78	0.70	0.65	0.62	0.62	0.61	0.61	0.59	0.62
LHC5                -	-	1.20	0.80	0.68	0.64	0.64	0.63	0.61	0.59	0.61	0.62
LHC6                -	-	1.28	0.80	0.68	0.65	0.64	0.61	0.61	0.59	0.62	0.61
LHC7                -	-	1.99	0.86	0.70	0.65	0.63	0.63	0.62	0.60	0.60	0.62
LHC8                -	-	3.20	0.89	0.72	0.64	0.65	0.61	0.61	0.61	0.59	0.62
SHC1                2.32	2.04	1.59	1.17	0.91	0.78	0.70	0.67	0.67	0.66	0.71	1.00
SHC2                1.75	1.08	0.87	0.78	0.75	0.72	0.68	0.63	0.60	0.60	0.59	0.62
SHC3                -	1.21	0.80	0.70	0.68	0.65	0.64	0.62	0.60	0.59	0.60	0.59
SHC4                -	1.93	0.90	0.72	0.67	0.64	0.66	0.61	0.61	0.61	0.59	0.59
SHC5                -	-	0.97	0.76	0.66	0.66	0.62	0.63	0.60	0.59	0.58	0.59
SHC6                -	-	1.17	0.77	0.68	0.65	0.64	0.62	0.61	0.58	0.60	0.59
SHC7                -	-	1.76	0.83	0.69	0.64	0.65	0.63	0.60	0.61	0.59	0.59
SHC8                -	-	2.68	0.84	0.70	0.65	0.64	0.63	0.61	0.59	0.59	0.60
FHC1                2.45	2.16	1.75	1.24	0.94	0.83	0.72	0.68	0.66	0.66	0.76	1.18
FHC2                1.87	1.15	0.89	0.79	0.75	0.73	0.67	0.65	0.61	0.61	0.60	0.61
FHC3                -	1.27	0.85	0.72	0.69	0.65	0.64	0.62	0.60	0.60	0.59	0.59
FHC4                -	2.03	0.91	0.73	0.67	0.66	0.62	0.63	0.60	0.60	0.59	0.59
FHC5                -	-	1.01	0.74	0.67	0.64	0.62	0.62	0.60	0.60	0.58	0.60
FHC6                -	-	1.19	0.77	0.69	0.65	0.64	0.62	0.61	0.59	0.59	0.59
FHC7                -	-	1.61	0.81	0.69	0.65	0.63	0.62	0.61	0.59	0.59	0.60
FHC8                -	-	2.90	0.85	0.69	0.65	0.64	0.62	0.60	0.63	0.60	0.60
