BF                  2.66	2.70	2.63	2.66	2.63	2.62	2.68	2.62	2.68	2.64	2.66	2.68
MP                  4.68	4.66	4.64	4.66	4.71	4.65	4.73	4.66	4.72	4.70	4.64	4.73
KMP                 4.54	4.56	4.55	4.52	4.56	4.55	4.52	4.56	4.61	4.56	4.53	4.57
BM                  5.00	2.90	1.84	1.36	1.12	1.04	0.98	0.96	0.96	0.96	0.95	0.96
HOR                 3.41	2.05	1.39	1.10	0.95	0.90	0.87	0.86	0.86	0.85	0.86	0.86
GS                  7.76	8.18	7.76	7.97	8.03	8.11	8.05	7.98	8.09	7.94	7.91	7.92
AG                  8.28	5.83	4.46	3.15	2.32	2.05	2.15	2.25	2.69	3.77	5.63	9.99
KR                  2.75	2.27	2.19	2.17	2.15	2.16	2.19	2.14	2.14	2.20	2.21	2.22
ZT                  4.59	2.55	1.57	1.11	0.88	0.76	0.71	0.74	0.74	0.71	0.71	-
AC                  4.21	4.13	4.13	4.13	4.14	4.06	4.12	4.06	4.13	4.10	4.13	4.15
TW                  3.27	3.05	3.01	3.02	3.03	3.04	2.99	3.04	3.03	2.96	3.02	3.00
OM                  3.17	2.17	1.56	1.22	1.02	0.96	0.92	0.94	0.93	0.97	1.16	-
MS                  3.16	2.17	1.54	1.19	1.02	0.93	0.88	0.90	0.94	1.11	1.70	-
QS                  3.21	2.24	1.56	1.21	1.03	0.95	0.92	0.93	0.92	0.89	0.91	0.96
NSN                 2.76	2.74	2.72	2.76	2.72	2.71	2.73	2.76	2.70	2.71	2.69	2.68
TBM                 6.08	3.50	2.16	1.55	1.25	1.15	1.08	1.06	1.05	1.06	1.03	1.04
COLUSSI             4.73	4.84	4.86	4.87	4.82	4.86	4.84	4.84	4.79	4.84	4.82	4.83
SMITH               3.65	2.30	1.55	1.16	0.97	0.92	0.85	0.88	0.90	0.87	0.89	0.87
GG                  4.84	5.12	5.15	5.14	5.20	5.14	5.21	5.20	5.02	5.14	5.09	5.14
RAITA               3.90	2.30	1.54	1.14	1.01	0.94	0.90	0.90	0.91	0.89	0.89	0.90
SMOA                4.38	4.25	4.18	4.23	4.32	4.27	4.31	4.39	4.25	4.24	4.22	4.33
RCOLUSSI            -	-	-	-	-	-	-	-	-	-	-	-
SKIP                2.40	2.00	1.66	1.37	1.13	0.95	0.87	0.90	0.90	1.07	1.17	1.33
KMPSKIP             2.43	2.12	1.86	1.59	1.32	1.14	1.07	1.06	1.03	1.12	1.10	1.08
ASKIP               2.40	1.94	1.60	1.22	1.01	1.11	1.60	2.83	5.66	11.20	22.77	47.37
BR                  2.62	1.99	1.41	1.09	0.86	0.75	0.70	0.72	0.72	0.72	0.73	0.71
AKC                 14.06	8.82	5.78	3.99	2.84	6.83	-	3.21	3.24	2.67	2.41	2.82
FS                  3.37	2.06	1.40	1.09	0.95	0.92	0.87	0.86	0.86	0.84	0.83	0.86
FFS                 3.26	2.12	1.49	1.17	1.00	0.95	0.90	0.87	0.87	0.89	0.92	-
BFS                 3.31	2.10	1.49	1.15	1.00	0.96	0.91	0.88	0.88	0.89	0.93	1.06
TS                  2.07	1.90	1.66	1.39	1.16	0.99	0.87	0.80	0.79	0.77	0.82	0.88
SSABS               2.80	1.98	1.42	1.16	1.02	0.95	0.93	0.92	0.93	0.92	0.92	0.93
TVSBS               2.62	1.91	1.40	1.06	0.85	0.74	0.70	0.73	0.72	0.69	0.68	-
PBMH                3.84	2.26	1.51	1.14	0.98	0.91	0.89	0.95	1.13	1.72	4.43	17.88
FJS                 2.92	2.04	1.50	1.20	1.03	0.97	0.95	0.93	0.96	0.93	0.93	0.97
HASH3               2.12	3.54	1.55	1.03	0.81	0.72	0.68	0.68	0.68	0.69	0.68	0.69
HASH5               2.13	2.15	2.24	1.13	0.84	0.72	0.69	0.69	0.70	0.70	0.71	0.70
HASH8               2.11	2.11	8.42	1.43	0.90	0.75	0.69	0.70	0.71	0.69	0.69	0.69
TSW                 1.92	1.50	1.17	0.92	0.79	0.72	0.69	0.70	0.69	0.67	0.67	0.69
GRASPM              3.26	2.00	-	-	-	-	-	-	-	-	-	-
SSEF                2.11	2.15	2.14	2.13	6.39	6.64	6.41	6.61	6.49	6.85	10.06	21.68
AUT                 3.85	3.84	3.83	3.84	3.84	3.91	3.93	4.19	4.32	4.91	5.97	8.00
RF                  2.60	2.09	1.59	1.13	0.85	0.81	0.90	1.08	1.51	2.33	4.16	7.81
TRF                 3.04	2.28	1.78	1.34	1.00	1.03	1.09	1.40	2.13	3.46	6.27	11.95
SIMON               4.20	4.24	4.14	4.18	4.25	-	-	-	-	-	-	-
FDM                 6.02	7.14	8.83	9.72	8.32	7.96	9.72	11.98	12.99	14.80	20.02	29.04
BOM                 3.44	2.90	2.32	1.92	1.56	1.24	0.99	0.90	0.86	0.84	0.94	1.17
BOM2                2.96	2.21	1.69	1.22	0.87	0.77	0.80	0.88	1.06	1.48	2.48	4.49
DFDM                4.59	5.90	7.70	8.41	7.26	7.09	8.85	11.30	12.52	14.67	20.15	28.91
WW                  3.56	2.44	1.83	1.31	0.91	0.97	1.09	1.41	2.16	3.82	6.97	12.96
LDM                 5.22	4.84	4.58	4.03	3.80	4.23	4.59	5.07	6.01	7.70	11.21	18.48
ILDM1               3.02	2.31	1.80	1.29	0.92	0.99	1.16	1.56	2.50	4.40	7.74	14.67
ILDM2               2.94	2.15	1.65	1.20	0.88	0.96	1.17	1.58	2.46	4.36	7.78	14.86
EBOM                2.21	1.15	0.90	0.76	0.72	0.74	0.79	0.88	1.07	1.50	2.49	4.64
FBOM                2.86	1.91	1.35	1.03	0.85	0.81	0.84	0.91	1.10	1.52	2.49	4.52
SEBOM               1.63	0.99	0.79	0.73	0.73	0.73	0.79	0.88	1.05	1.52	2.49	4.65
SFBOM               3.06	2.06	1.40	1.05	0.90	0.82	0.84	0.90	1.16	1.54	2.48	4.63
SKIP2               1.94	1.13	0.92	0.83	0.77	0.77	0.72	0.70	0.76	0.76	0.81	1.02
SKIP3               2.14	1.29	0.87	0.73	0.69	0.67	0.66	0.66	0.73	0.69	0.76	0.90
SKIP4               2.12	2.24	0.92	0.71	0.67	0.65	0.66	0.63	0.68	0.67	0.76	0.87
SKIP5               2.17	2.13	1.05	0.76	0.68	0.67	0.66	0.68	0.70	0.69	0.74	0.92
SKIP6               2.15	2.15	1.26	0.80	0.69	0.65	0.65	0.66	0.65	0.67	0.76	0.91
SKIP7               2.13	2.11	1.78	0.83	0.72	0.65	0.65	0.67	0.64	0.69	0.75	0.89
SKIP8               2.16	2.12	3.34	0.93	0.73	0.71	0.67	0.65	0.66	0.69	0.75	0.87
SO                  1.43	1.42	1.46	1.42	1.44	1.34	1.36	1.35	1.34	1.36	1.35	1.35
SA                  2.16	2.18	2.21	2.18	2.18	2.08	2.06	2.07	2.10	2.08	2.11	2.09
BNDM                1.93	1.67	1.39	1.05	0.80	0.87	0.87	0.86	0.88	0.88	0.90	0.88
BNDML               1.95	1.62	1.35	1.08	0.80	0.80	0.75	0.74	0.75	0.80	0.94	1.69
SBNDM               3.03	1.28	0.92	0.76	0.70	0.75	0.78	0.76	0.75	0.77	0.76	0.76
TNDM                2.14	1.83	1.47	1.11	0.81	0.84	0.83	0.81	0.82	0.81	0.83	0.82
TNDMA               2.49	1.96	1.69	1.36	0.92	0.89	0.92	0.90	0.89	0.90	0.91	0.89
LBNDM               2.34	1.93	1.60	1.20	0.85	0.76	0.75	0.69	0.67	0.72	1.31	2.90
SVM0                4.81	2.78	1.76	1.21	0.98	0.99	0.99	0.98	0.99	0.99	0.98	0.99
SVM1                2.11	2.16	1.84	1.66	1.63	1.65	1.64	1.64	1.63	1.64	1.65	1.64
SVM2                6.78	3.80	2.33	1.51	1.11	1.14	1.14	1.15	1.15	1.14	1.14	1.15
SVM3                5.90	3.35	2.08	1.61	1.27	1.31	1.31	1.34	1.32	1.32	1.33	1.31
SVM4                5.85	3.38	2.06	1.61	1.30	1.32	1.30	1.31	1.31	1.31	1.30	1.30
SBNDM2              1.57	0.94	0.77	0.71	0.68	0.66	0.66	0.66	0.67	0.66	0.65	0.66
SBNDM-BMH           2.69	1.84	1.37	1.04	0.77	0.79	0.77	0.77	0.76	0.79	0.79	0.80
BMH-SBNDM           3.41	2.06	1.39	1.12	0.93	0.93	0.93	0.93	0.93	0.92	0.93	0.92
FNDM                2.14	1.86	1.49	1.15	0.83	0.83	0.85	0.85	0.83	0.84	0.84	0.84
BWW                 3.68	2.54	1.90	1.37	0.99	0.98	0.98	0.98	0.99	0.99	0.98	0.99
FAOSO2              2.11	1.18	1.05	1.09	1.06	1.06	1.06	1.07	1.06	1.07	1.09	1.10
FAOSO4              2.15	2.11	1.01	0.89	-	-	-	-	-	-	-	-
FAOSO6              2.11	2.13	2.21	0.87	-	-	-	-	-	-	-	-
AOSO2               2.13	1.65	1.54	1.55	1.55	1.21	1.25	1.19	1.20	1.21	1.20	1.20
AOSO4               2.12	2.16	1.13	1.04	1.05	0.89	0.90	0.87	0.87	0.87	0.87	0.88
AOSO6               2.13	2.18	2.24	0.86	0.76	0.84	0.83	0.85	0.83	0.85	0.83	0.84
BLIM                2.43	2.90	2.60	2.81	3.21	4.73	8.47	14.79	27.77	50.46	98.69	-
FSBNDM              1.59	1.06	0.85	0.74	0.68	0.69	0.69	0.70	0.68	0.69	0.71	0.68
BNDMQ2              1.66	0.98	0.78	0.71	0.68	0.69	0.66	0.68	0.68	0.67	0.68	0.68
BNDMQ4              2.12	2.36	0.92	0.71	0.67	0.64	0.65	0.68	0.67	0.66	0.65	0.65
BNDMQ6              2.15	2.14	1.60	0.84	0.69	0.68	0.69	0.68	0.67	0.68	0.69	0.68
SBNDMQ2             1.57	0.95	0.75	0.70	0.68	0.68	0.68	0.67	0.67	0.68	0.69	0.68
SBNDMQ4             2.16	2.26	0.91	0.73	0.65	0.65	0.66	0.66	0.67	0.65	0.66	0.66
SBNDMQ6             2.18	2.13	1.53	0.83	0.68	0.68	0.68	0.67	0.68	0.68	0.67	0.68
SBNDMQ8             2.14	2.14	3.97	0.93	0.73	0.71	0.71	0.72	0.73	0.71	0.71	0.73
UFNDMQ2             2.25	1.94	1.75	1.62	1.61	1.61	1.59	1.62	1.59	1.61	1.63	1.64
UFNDMQ4             2.13	2.13	1.79	1.65	1.57	1.58	1.58	1.59	1.62	1.59	1.57	1.59
UFNDMQ6             2.12	2.14	1.87	1.67	1.61	1.62	1.61	1.64	1.61	1.60	1.63	1.62
UFNDMQ8             2.15	2.09	1.91	1.68	1.69	1.71	1.68	1.70	1.74	1.71	1.69	1.68
SABP                3.24	2.72	2.35	2.07	1.97	1.98	1.96	2.00	1.96	2.00	1.96	1.97
DBWW                2.48	1.88	1.36	0.97	1.13	0.99	0.92	0.94	0.93	0.93	0.95	1.01
DBWW2               2.46	1.90	1.36	0.95	1.13	0.99	0.94	0.92	0.93	0.94	0.96	0.99
KSA                 2.26	2.20	2.17	2.17	2.19	2.21	2.21	2.20	2.16	2.21	2.15	2.16
KBNDM               2.82	1.70	1.15	0.89	0.77	0.70	0.66	0.69	0.69	0.67	0.69	0.68
BSDM                2.11	1.91	1.76	1.64	1.56	1.44	1.39	1.30	1.21	1.18	1.15	1.15
BSDM2               1.68	1.09	0.88	0.83	0.82	0.79	0.81	0.79	0.79	0.79	0.79	0.82
BSDM3               2.10	1.16	0.82	0.71	0.69	0.67	0.67	0.67	0.66	0.66	0.66	0.67
BSDM4               2.13	1.99	0.89	0.72	0.68	0.65	0.64	0.63	0.63	0.64	0.65	0.65
BSDM5               2.12	2.12	0.99	0.77	0.71	0.67	0.66	0.67	0.67	0.66	0.66	0.66
BSDM6               2.14	2.14	1.18	0.77	0.69	0.65	0.66	0.64	0.65	0.64	0.66	0.68
BSDM7               2.14	2.13	1.63	0.83	0.69	0.68	0.65	0.64	0.65	0.67	0.67	0.67
BSDM8               2.14	2.14	3.04	0.87	0.70	0.68	0.67	0.68	0.67	0.66	0.67	0.69
BXS                 2.00	1.69	1.42	1.08	0.80	0.81	0.81	0.79	0.81	0.81	0.81	0.80
BXS1                2.13	1.82	1.53	1.09	0.81	0.75	0.73	0.70	0.70	0.71	0.80	-
BXS2                2.16	1.03	0.82	0.71	0.69	0.68	0.68	0.68	0.69	0.68	0.68	0.68
BXS3                2.12	1.28	0.83	0.69	0.64	-	-	-	-	-	-	-
BXS4                2.13	2.30	0.92	0.72	0.64	0.64	0.66	0.67	0.65	0.65	0.65	0.66
BXS6                2.13	2.12	1.44	0.80	0.67	0.68	0.66	0.67	0.68	0.67	0.68	0.68
BXS8                2.13	2.12	4.09	0.95	0.72	0.72	0.72	0.72	0.72	0.74	0.72	0.71
FS-W1               3.47	2.08	1.42	1.11	0.97	0.90	0.87	0.87	0.86	0.85	0.87	0.90
FS-W2               2.36	1.52	1.12	0.93	0.81	0.79	0.75	0.76	0.76	0.76	0.76	0.79
FS-W4               2.13	2.13	0.99	0.86	0.79	0.74	0.72	0.72	0.74	0.73	0.75	0.77
FS-W6               1.74	1.20	0.93	0.83	0.75	0.73	0.71	0.74	0.73	0.74	0.75	0.76
FS-W8               1.83	1.24	0.95	0.80	0.74	0.71	0.73	0.72	0.69	0.72	0.72	0.76
FSBNDM-W1           2.68	1.64	1.15	0.91	0.79	0.80	0.80	0.79	0.79	0.80	0.80	0.80
FSBNDM-W2           2.19	1.35	0.98	0.82	0.74	0.73	0.74	0.74	0.73	0.74	0.74	0.73
FSBNDM-W4           2.15	-	0.92	0.78	0.68	0.69	0.70	0.68	0.69	0.69	0.70	0.70
FSBNDM-W6           2.13	2.12	0.94	0.77	0.70	0.70	0.68	0.68	0.69	0.69	0.69	0.72
FSBNDM-W8           2.15	2.12	2.14	0.82	0.71	0.71	0.71	0.72	0.71	0.73	0.73	0.72
FSBNDMQ20           1.67	0.97	0.77	0.71	0.67	0.66	0.67	0.68	0.66	0.68	0.68	0.67
FSBNDMQ21           1.62	1.09	0.87	0.76	0.70	0.68	0.68	0.70	0.68	0.69	0.70	0.71
FSBNDMQ31           2.13	1.25	0.87	0.72	0.65	0.64	0.64	0.65	0.64	0.66	0.68	0.65
FSBNDMQ32           2.11	1.10	0.84	0.72	0.64	0.67	0.67	0.67	0.68	0.67	0.67	0.66
FSBNDMQ41           2.13	1.48	0.88	0.71	0.66	0.66	0.67	0.65	0.65	0.65	0.65	0.65
FSBNDMQ42           2.14	1.19	0.84	0.72	0.64	0.65	0.64	0.65	0.64	0.66	0.65	0.66
FSBNDMQ43           2.14	1.28	0.92	0.75	0.68	0.69	0.69	0.67	0.67	0.68	0.70	0.67
FSBNDMQ61           2.14	2.13	1.25	0.80	0.67	0.67	0.68	0.68	0.67	0.68	0.67	0.69
FSBNDMQ62           2.13	2.14	1.10	0.78	0.68	0.69	0.69	0.68	0.68	0.68	0.68	0.69
FSBNDMQ64           2.13	2.12	0.97	0.77	0.68	0.68	0.68	0.68	0.68	0.69	0.68	0.69
FSBNDMQ81           2.13	2.11	2.42	0.94	0.72	0.70	0.72	0.73	0.72	0.75	0.72	0.71
FSBNDMQ82           2.14	2.12	1.78	0.90	0.71	0.72	0.73	0.73	0.70	0.74	0.74	0.72
FSBNDMQ84           2.11	2.11	1.27	0.85	0.71	0.72	0.74	0.71	0.71	0.73	0.72	0.71
FSBNDMQ86           2.14	2.17	1.10	0.82	0.73	0.73	0.73	0.73	0.72	0.72	0.74	0.73
IOM                 2.83	1.92	1.41	1.12	0.99	0.92	0.89	0.88	0.88	0.89	0.87	0.91
JOM                 3.65	2.48	1.71	1.27	0.98	0.85	0.76	0.76	0.72	0.72	0.69	0.71
LWFR2               1.77	1.08	0.89	0.83	0.79	0.74	0.66	0.65	0.62	0.62	0.64	0.68
LWFR3               2.14	1.92	0.94	0.72	0.69	0.66	0.64	0.64	0.61	0.62	0.64	0.68
LWFR4               2.13	2.18	0.91	0.71	0.65	0.66	0.65	0.64	0.60	0.61	0.65	0.69
LWFR5               2.13	2.13	2.38	0.77	0.66	0.65	0.64	0.62	0.61	0.61	0.63	0.70
LWFR6               2.12	2.12	2.70	0.87	0.69	0.64	0.63	0.62	0.60	0.62	0.64	0.65
LWFR7               2.14	2.11	3.12	0.92	0.73	0.65	0.65	0.63	0.62	0.62	0.62	0.67
LWFR8               2.12	2.15	3.52	0.93	0.72	0.66	0.65	0.66	0.62	0.63	0.65	0.68
QF23                2.13	1.40	0.97	0.92	0.87	0.81	0.73	0.70	4.43	95.66	-	-
QF24                2.13	1.08	0.80	0.74	0.71	0.71	0.67	0.65	0.66	0.67	0.94	-
QF26                2.14	1.00	0.79	0.71	0.68	0.66	0.66	0.65	0.64	0.63	0.66	0.93
QF28                2.17	0.97	0.78	0.70	0.67	0.65	0.65	0.66	0.65	0.64	0.64	0.83
QF33                2.14	1.19	0.79	0.71	0.66	0.63	0.63	0.63	0.61	0.60	0.61	0.63
QF34                2.13	1.23	0.81	0.68	0.65	0.62	0.61	0.61	0.60	0.58	0.61	0.61
QF36                2.17	1.57	0.96	0.77	0.72	0.69	0.69	0.67	0.65	0.64	0.65	0.65
QF42                2.13	2.10	1.20	0.80	0.72	0.68	0.67	0.65	0.64	0.62	0.63	-
QF43                2.16	2.12	0.88	0.69	0.65	0.64	0.61	0.60	0.60	0.59	0.58	0.59
QF44                2.15	2.13	1.15	0.82	0.69	0.65	0.66	0.64	0.60	0.60	0.61	0.60
QF53                2.12	2.13	1.15	0.77	0.69	0.65	0.64	0.62	0.60	0.59	0.59	0.59
QF62                2.13	2.14	1.16	0.76	0.66	0.63	0.62	0.62	0.61	0.58	0.59	0.59
QF63                2.16	2.15	1.85	1.02	0.79	0.72	0.69	0.68	0.65	0.64	0.64	0.65
QF72                2.13	2.13	1.69	0.85	0.68	0.65	0.66	0.62	0.62	0.60	0.59	0.60
QF82                2.12	2.12	2.14	0.98	0.74	0.70	0.64	0.64	0.61	0.59	0.60	0.66
QLQS                2.72	1.75	1.54	1.33	1.06	0.92	0.88	0.90	0.89	0.89	0.89	0.88
SBNDM-W2            2.36	1.68	1.13	0.86	0.75	0.75	0.77	0.75	0.75	0.74	0.77	0.75
SBNDM-W4            2.14	1.46	1.07	0.87	0.73	-	-	-	-	-	-	-
SBNDM-W6            2.15	2.17	1.11	0.85	0.72	0.72	0.73	0.73	0.75	0.73	0.74	0.75
SSM                 3.69	2.17	1.43	1.08	0.93	0.85	0.81	0.80	0.79	0.78	0.78	0.81
TSA                 2.19	1.38	0.99	0.78	0.69	0.63	0.91	0.92	0.93	0.93	0.95	1.00
TSA-Q2              1.36	-	-	-	-	-	0.94	0.92	0.92	0.94	0.94	0.99
TSO5                2.04	1.26	0.92	0.75	0.66	0.65	0.94	0.91	0.94	0.93	0.94	0.98
TUNEDBM             3.82	2.22	1.51	1.17	0.99	0.93	0.92	0.92	0.93	0.90	0.92	0.89
TVSBS-W2            2.99	2.48	2.13	1.85	1.71	1.65	1.58	1.60	1.56	1.57	1.59	1.56
TVSBS-W4            2.88	2.39	2.08	1.82	1.68	1.65	1.58	1.57	1.57	1.56	1.59	1.58
TVSBS-W6            3.11	2.32	2.00	1.78	1.68	1.64	1.59	1.57	1.58	1.55	1.54	1.60
TVSBS-W8            3.37	2.33	1.98	1.73	1.67	1.64	1.60	1.54	1.55	1.55	1.61	1.58
WFR                 2.24	1.78	1.48	1.09	0.85	0.76	0.68	0.64	0.63	0.62	0.63	0.70
WFR2                2.39	1.26	0.95	0.83	0.77	0.73	0.66	0.63	0.63	0.63	0.63	0.66
WFR3                2.13	2.40	1.05	0.76	0.69	0.66	0.65	0.65	0.63	0.61	0.64	0.67
WFR4                2.13	2.56	0.97	0.73	0.67	0.64	0.64	0.63	0.60	0.61	0.64	0.66
WFR5                2.12	2.14	2.77	0.78	0.68	0.66	0.65	0.62	0.60	0.61	0.63	0.66
WFR6                2.09	2.13	3.07	0.95	0.70	0.65	0.65	0.62	0.60	0.61	0.63	0.67
WFR7                2.13	2.19	3.59	0.99	0.73	0.65	0.64	0.63	0.62	0.61	0.64	0.68
WFR8                2.16	2.14	3.91	0.97	0.74	0.67	0.66	0.65	0.62	0.62	0.64	0.66
WFRQ2               2.39	1.27	0.97	0.86	0.77	0.72	0.65	0.64	0.61	0.60	0.61	0.64
WFRQ3               2.16	2.41	1.06	0.75	0.71	0.66	0.64	0.64	0.63	0.59	0.61	0.65
WFRQ4               2.13	2.57	0.97	0.75	0.66	0.64	0.66	0.62	0.60	0.62	0.62	0.62
WFRQ5               2.11	2.14	2.77	0.80	0.66	0.66	0.64	0.63	0.60	0.60	0.61	0.64
WFRQ6               2.14	2.13	3.01	0.91	0.70	0.65	0.63	0.62	0.61	0.60	0.61	0.66
WFRQ7               2.11	2.15	4.19	1.02	0.76	0.66	0.63	0.63	0.60	0.62	0.61	0.66
WFRQ8               2.12	2.10	3.92	0.98	0.72	0.65	0.63	0.63	0.61	0.59	0.61	0.64
TWFR                1.98	1.76	1.51	1.16	0.89	0.77	0.68	0.65	0.62	0.61	0.64	0.70
TWFR2               1.82	1.07	0.89	0.82	0.77	0.73	0.65	0.64	0.64	0.61	0.63	0.68
TWFR3               2.16	1.91	0.95	0.73	0.67	0.65	0.64	0.64	0.62	0.60	0.63	0.66
TWFR4               2.12	2.12	0.92	0.71	0.66	0.65	0.63	0.63	0.61	0.62	0.63	0.67
TWFR5               2.12	2.13	2.36	0.75	0.68	0.64	0.63	0.62	0.61	0.61	0.63	0.67
TWFR6               2.14	2.13	2.73	0.89	0.68	0.66	0.64	0.62	0.60	0.62	0.64	0.67
TWFR7               2.15	2.13	3.19	0.93	0.71	0.66	0.64	0.61	0.62	0.62	0.61	0.67
TWFR8               2.11	2.15	3.46	0.92	0.72	0.67	0.64	0.65	0.61	0.63	0.62	0.67
TWFRQ2              1.82	1.09	0.87	0.79	0.75	0.73	0.66	0.62	0.61	0.93	0.95	0.98
TWFRQ3              2.15	1.91	0.95	0.73	0.68	0.66	0.64	0.64	0.62	0.60	0.62	0.64
TWFRQ4              2.13	2.14	0.88	0.71	0.66	0.63	0.62	0.64	0.60	0.93	0.94	1.00
TWFRQ5              2.12	2.12	2.33	0.75	0.66	0.64	0.65	0.61	0.60	0.60	0.60	0.64
TWFRQ6              2.15	2.13	2.72	0.90	0.69	0.65	0.65	0.63	0.61	0.59	0.61	0.64
TWFRQ7              2.11	2.14	3.07	0.91	0.73	0.66	0.64	0.64	0.62	0.61	0.61	0.64
TWFRQ8              2.14	2.12	3.46	0.90	0.73	0.65	0.64	0.63	0.63	0.62	0.62	0.62
WC                  2.97	2.82	2.77	2.79	2.84	2.78	2.79	2.80	2.79	2.78	2.79	2.81
WOM                 2.95	2.06	1.46	1.15	0.98	0.92	0.86	0.82	0.83	0.80	0.80	0.76
DOUBLEHASH          4.25	2.43	1.57	1.20	1.02	1.00	1.04	1.18	1.52	2.03	3.23	5.85
BRAM3               2.13	2.21	1.40	1.23	1.12	1.09	1.02	1.03	1.03	1.03	1.02	1.00
BRAM5               2.12	2.14	1.61	1.22	1.12	1.06	1.03	1.04	1.01	1.03	1.00	1.02
BRAM7               2.12	2.13	2.62	1.31	1.13	1.06	1.02	1.02	1.01	0.99	0.98	1.01
FT3                 6.10	3.45	2.15	1.55	1.24	1.12	1.08	1.05	1.05	1.04	1.03	1.04
SSECP               -	-	-	-	-	-	-	-	-	-	-	-
LIBC                0.75	0.71	0.71	0.71	0.72	0.72	0.72	0.75	0.71	0.72	0.70	0.72
MUSL                1.61	1.56	2.23	1.74	1.34	1.09	1.03	0.96	0.95	0.92	0.94	0.97
LIBC1               1.52	1.11	0.85	0.78	0.71	0.70	0.69	0.71	0.87	0.87	0.88	0.90
MUSL1               1.42	1.72	1.85	1.46	1.11	0.99	0.92	0.91	0.91	0.90	0.94	0.93
MUSL2               2.09	2.09	2.42	1.55	1.11	1.47	1.05	1.91	1.50	2.33	1.73	-
SIMDKR              0.70	0.69	0.70	0.71	0.71	0.70	0.71	0.71	0.70	0.71	0.70	0.71
EPSM                0.68	0.71	0.82	0.70	0.64	0.63	0.63	0.62	0.65	0.68	0.78	0.90
HC1                 2.07	1.73	1.47	1.10	0.80	0.69	0.67	0.64	0.64	0.65	1.01	-
HC2                 2.26	1.16	0.84	0.74	0.70	0.67	0.64	0.62	0.59	0.59	0.60	0.66
HC3                 -	1.20	0.78	0.68	0.64	0.61	0.62	0.60	0.60	0.59	0.59	0.61
HC4                 -	1.97	0.85	0.69	0.65	0.64	0.64	0.60	0.59	0.62	0.61	0.61
HC5                 -	-	1.01	0.72	0.65	0.64	0.64	0.64	0.59	0.60	0.59	0.62
HC6                 -	-	1.18	0.74	0.66	0.64	0.62	0.61	0.59	0.61	0.59	0.61
HC7                 -	-	1.57	0.79	0.70	0.63	0.63	0.64	0.60	0.59	0.60	0.61
HC8                 -	-	3.38	0.89	0.69	0.65	0.63	0.62	0.60	0.59	0.61	0.61
LHC1                2.09	1.75	1.51	1.12	0.83	0.71	0.67	0.65	0.65	0.66	0.63	1.21
LHC2                1.83	1.04	0.83	0.74	0.69	0.67	0.65	0.63	0.61	0.60	0.60	0.61
LHC3                -	1.32	0.83	0.71	0.66	0.64	0.61	0.62	0.59	0.60	0.59	0.61
LHC4                -	2.59	0.97	0.74	0.66	0.64	0.62	0.61	0.59	0.59	0.59	0.61
LHC5                -	-	1.17	0.78	0.67	0.63	0.63	0.61	0.60	0.60	0.59	0.61
LHC6                -	-	1.29	0.78	0.68	0.63	0.63	0.61	0.61	0.60	0.60	0.60
LHC7                -	-	1.92	0.86	0.69	0.64	0.63	0.62	0.61	0.60	0.61	0.61
LHC8                -	-	3.34	0.87	0.70	0.64	0.64	0.63	0.61	0.58	0.61	0.60
SHC1                2.00	1.71	1.44	1.07	0.78	0.70	0.67	0.65	0.63	0.65	1.04	-
SHC2                1.64	0.95	0.78	0.69	0.67	0.66	0.64	0.62	0.60	0.59	0.62	0.64
SHC3                -	1.14	0.79	0.69	0.64	0.64	0.62	0.60	0.61	0.60	0.60	0.63
SHC4                -	1.84	0.85	0.70	0.64	0.62	0.62	0.60	0.60	0.59	0.60	0.62
SHC5                -	-	0.96	0.71	0.66	0.64	0.61	0.62	0.59	0.60	0.60	0.60
SHC6                -	-	1.14	0.74	0.65	0.64	0.63	0.63	0.60	0.59	0.60	0.61
SHC7                -	-	1.78	0.82	0.69	0.65	0.64	0.64	0.62	0.60	0.59	0.62
SHC8                -	-	2.65	0.82	0.68	0.64	0.64	0.64	0.61	0.60	0.61	0.60
FHC1                2.13	1.84	1.51	1.13	0.84	0.71	0.67	0.66	0.66	0.66	1.24	-
FHC2                1.70	1.01	0.78	0.69	0.68	0.65	0.68	0.63	0.61	0.59	0.60	0.66
FHC3                -	1.19	0.80	0.68	0.66	0.63	0.63	0.60	0.60	0.60	0.59	0.60
FHC4                -	1.99	0.87	0.72	0.67	0.64	0.61	0.61	0.59	0.59	0.60	0.62
FHC5                -	-	0.98	0.72	0.66	0.63	0.64	0.60	0.60	0.60	0.60	0.62
FHC6                -	-	1.19	0.74	0.67	0.64	0.64	0.63	0.60	0.60	0.59	0.62
FHC7                -	-	1.56	0.80	0.69	0.65	0.63	0.63	0.61	0.59	0.61	0.60
FHC8                -	-	2.90	0.85	0.69	0.65	0.63	0.63	0.61	0.61	0.60	0.60
